 ---------------------------------------------

              TOPOLOGY FILE - v1      

      Author : Teresa Dalle Nogare
      Date :2023-11-20

 ---------------------------------------------

[Nodes] 
N_row = 10, N_col = 10, N = N_row x N_col = 100 
Position of nodes = [(0, 0), (0, 1), (0, 2), (0, 3), (0, 4), (0, 5), (0, 6), (0, 7), (0, 8), (0, 9), (1, 0), (1, 1), (1, 2), (1, 3), (1, 4), (1, 5), (1, 6), (1, 7), (1, 8), (1, 9), (2, 0), (2, 1), (2, 2), (2, 3), (2, 4), (2, 5), (2, 6), (2, 7), (2, 8), (2, 9), (3, 0), (3, 1), (3, 2), (3, 3), (3, 4), (3, 5), (3, 6), (3, 7), (3, 8), (3, 9), (4, 0), (4, 1), (4, 2), (4, 3), (4, 4), (4, 5), (4, 6), (4, 7), (4, 8), (4, 9), (5, 0), (5, 1), (5, 2), (5, 3), (5, 4), (5, 5), (5, 6), (5, 7), (5, 8), (5, 9), (6, 0), (6, 1), (6, 2), (6, 3), (6, 4), (6, 5), (6, 6), (6, 7), (6, 8), (6, 9), (7, 0), (7, 1), (7, 2), (7, 3), (7, 4), (7, 5), (7, 6), (7, 7), (7, 8), (7, 9), (8, 0), (8, 1), (8, 2), (8, 3), (8, 4), (8, 5), (8, 6), (8, 7), (8, 8), (8, 9), (9, 0), (9, 1), (9, 2), (9, 3), (9, 4), (9, 5), (9, 6), (9, 7), (9, 8), (9, 9)]
[Population data] 
Average population per node = 10000.0 
Total population = 1000000.0

choice bool = 1 - non uniform population (heterogeneous network) 
number of fixed nodes = 10
Index fixed nodes = [71, 75, 7, 49, 79, 48, 69, 44, 50, 33]
percentage of population in fixed nodes = 20

[Initial configuration]
Node population 0: [ 8960  8990  8851  8934  8697  9063  8641 19792  8971  8845  8827  8818
  8840  8835  8690  8879  8823  8978  8822  8953  8934  8839  9013  8895
  8774  8881  8860  8940  8808  8879  8890  8904  8891 20139  8892  8785
  8817  8670  8970  8969  8995  8928  8826  9010 19846  8876  8880  8848
 19996 20041 20028  9044  9150  8956  8741  8846  8851  8733  8909  8875
  8872  8893  8887  8804  8853  8910  8968  8792  8657 19980  9164 20121
  8945  8733  8982 20226  8949  8773  8837 19831  9126  9132  8879  9019
  8837  8897  8890  8880  8905  8946  8847  8914  9073  8970  8908  8862
  8690  8974  9007  8729]

[Connectivity]
Strong connection = True
a = 0.2
b = 0.9048374180359595

[PF convergence]
rho0 = [[0.00896  0.00899  0.008851 0.008934 0.008697 0.009063 0.008641 0.019792
  0.008971 0.008845 0.008827 0.008818 0.00884  0.008835 0.00869  0.008879
  0.008823 0.008978 0.008822 0.008953 0.008934 0.008839 0.009013 0.008895
  0.008774 0.008881 0.00886  0.00894  0.008808 0.008879 0.00889  0.008904
  0.008891 0.020139 0.008892 0.008785 0.008817 0.00867  0.00897  0.008969
  0.008995 0.008928 0.008826 0.00901  0.019846 0.008876 0.00888  0.008848
  0.019996 0.020041 0.020028 0.009044 0.00915  0.008956 0.008741 0.008846
  0.008851 0.008733 0.008909 0.008875 0.008872 0.008893 0.008887 0.008804
  0.008853 0.00891  0.008968 0.008792 0.008657 0.01998  0.009164 0.020121
  0.008945 0.008733 0.008982 0.020226 0.008949 0.008773 0.008837 0.019831
  0.009126 0.009132 0.008879 0.009019 0.008837 0.008897 0.00889  0.00888
  0.008905 0.008946 0.008847 0.008914 0.009073 0.00897  0.008908 0.008862
  0.00869  0.008974 0.009007 0.008729]]
k_list = [   1    5   10   20   50  100  200  500 1000]
diff_list = [7.48176314 4.87293046 3.64129632 2.46138108 1.16521481 0.5356521
 0.2015355  0.05908211 0.05708213]

[Input degrees]
in_degrees = [5, 2, 4, 7, 5, 3, 3, 6, 3, 5, 2, 4, 2, 5, 3, 3, 6, 5, 4, 7, 3, 3, 4, 3, 5, 6, 4, 2, 3, 3, 5, 5, 5, 3, 4, 5, 2, 8, 5, 4, 5, 4, 2, 5, 3, 2, 3, 6, 5, 9, 6, 2, 3, 3, 5, 7, 2, 5, 3, 5, 3, 7, 3, 4, 3, 4, 6, 3, 2, 8, 6, 6, 2, 3, 3, 8, 4, 6, 3, 4, 3, 5, 4, 5, 5, 5, 4, 2, 3, 4, 4, 2, 4, 7, 4, 4, 5, 3, 4, 2]