 ---------------------------------------------

              TOPOLOGY FILE - v1      

      Author : Teresa Dalle Nogare
      Date :2023-11-20

 ---------------------------------------------

[Nodes] 
N_row = 10, N_col = 10, N = N_row x N_col = 100 
Position of nodes = [(0, 0), (0, 1), (0, 2), (0, 3), (0, 4), (0, 5), (0, 6), (0, 7), (0, 8), (0, 9), (1, 0), (1, 1), (1, 2), (1, 3), (1, 4), (1, 5), (1, 6), (1, 7), (1, 8), (1, 9), (2, 0), (2, 1), (2, 2), (2, 3), (2, 4), (2, 5), (2, 6), (2, 7), (2, 8), (2, 9), (3, 0), (3, 1), (3, 2), (3, 3), (3, 4), (3, 5), (3, 6), (3, 7), (3, 8), (3, 9), (4, 0), (4, 1), (4, 2), (4, 3), (4, 4), (4, 5), (4, 6), (4, 7), (4, 8), (4, 9), (5, 0), (5, 1), (5, 2), (5, 3), (5, 4), (5, 5), (5, 6), (5, 7), (5, 8), (5, 9), (6, 0), (6, 1), (6, 2), (6, 3), (6, 4), (6, 5), (6, 6), (6, 7), (6, 8), (6, 9), (7, 0), (7, 1), (7, 2), (7, 3), (7, 4), (7, 5), (7, 6), (7, 7), (7, 8), (7, 9), (8, 0), (8, 1), (8, 2), (8, 3), (8, 4), (8, 5), (8, 6), (8, 7), (8, 8), (8, 9), (9, 0), (9, 1), (9, 2), (9, 3), (9, 4), (9, 5), (9, 6), (9, 7), (9, 8), (9, 9)]
[Population data] 
Average population per node = 10000.0 
Total population = 1000000.0

choice bool = 0 - uniform population (homogeneous network) 

[Initial configuration]
Node population 0: [ 9863 10081  9908 10020 10008  9911  9866  9866 10217 10223 10051  9974
  9792 10028  9916  9930  9871 10002 10150  9988  9943 10026  9967 10072
 10106  9985  9963 10065 10064  9917  9955 10047 10107  9981 10059 10175
  9803 10039  9937 10049  9998  9947  9944  9835 10012 10095 10052 10036
  9869  9988 10035 10194 10059  9958 10003  9821 10071 10002 10114 10108
 10092  9945  9910 10106  9828 10064  9955 10039 10018  9905 10044 10110
  9886 10013 10012  9923 10058 10010 10069 10057  9948  9879  9933 10106
  9878 10032 10062  9853  9866  9913 10106  9926  9961 10106 10085 10048
  9988 10088 10041 10071]

[Connectivity]
Strong connection = True
a = 0.2
b = 0.9048374180359595

[PF convergence]
rho0 = [[0.009863 0.010081 0.009908 0.01002  0.010008 0.009911 0.009866 0.009866
  0.010217 0.010223 0.010051 0.009974 0.009792 0.010028 0.009916 0.00993
  0.009871 0.010002 0.01015  0.009988 0.009943 0.010026 0.009967 0.010072
  0.010106 0.009985 0.009963 0.010065 0.010064 0.009917 0.009955 0.010047
  0.010107 0.009981 0.010059 0.010175 0.009803 0.010039 0.009937 0.010049
  0.009998 0.009947 0.009944 0.009835 0.010012 0.010095 0.010052 0.010036
  0.009869 0.009988 0.010035 0.010194 0.010059 0.009958 0.010003 0.009821
  0.010071 0.010002 0.010114 0.010108 0.010092 0.009945 0.00991  0.010106
  0.009828 0.010064 0.009955 0.010039 0.010018 0.009905 0.010044 0.01011
  0.009886 0.010013 0.010012 0.009923 0.010058 0.01001  0.010069 0.010057
  0.009948 0.009879 0.009933 0.010106 0.009878 0.010032 0.010062 0.009853
  0.009866 0.009913 0.010106 0.009926 0.009961 0.010106 0.010085 0.010048
  0.009988 0.010088 0.010041 0.010071]]
k_list = [   1    5   10   20   50  100  200  500 1000]
diff_list = [6.98936122e+00 3.83497360e+00 2.49232559e+00 1.37648026e+00
 4.35737360e-01 9.61134788e-02 5.84602773e-03 4.27244037e-05
 4.26903111e-05]

[Input degrees]
in_degrees = [4, 8, 3, 5, 5, 2, 5, 4, 6, 4, 7, 8, 8, 8, 6, 6, 3, 9, 5, 6, 6, 6, 6, 9, 6, 8, 10, 5, 12, 5, 7, 6, 5, 7, 6, 10, 10, 7, 4, 7, 3, 8, 9, 6, 8, 8, 5, 5, 7, 9, 3, 7, 3, 7, 3, 9, 11, 10, 10, 7, 6, 4, 2, 9, 6, 8, 7, 5, 6, 4, 6, 5, 3, 8, 5, 8, 8, 3, 3, 5, 6, 5, 3, 6, 4, 9, 6, 4, 9, 8, 2, 3, 2, 6, 7, 8, 11, 3, 5, 2]