 ---------------------------------------------

              TOPOLOGY FILE - v1      

      Author : Teresa Dalle Nogare
      Date :2023-11-16

 ---------------------------------------------

[Nodes] 
N_row = 30, N_col = 30, N = N_row x N_col = 900 
Position of nodes = [(0, 0), (0, 1), (0, 2), (0, 3), (0, 4), (0, 5), (0, 6), (0, 7), (0, 8), (0, 9), (0, 10), (0, 11), (0, 12), (0, 13), (0, 14), (0, 15), (0, 16), (0, 17), (0, 18), (0, 19), (0, 20), (0, 21), (0, 22), (0, 23), (0, 24), (0, 25), (0, 26), (0, 27), (0, 28), (0, 29), (1, 0), (1, 1), (1, 2), (1, 3), (1, 4), (1, 5), (1, 6), (1, 7), (1, 8), (1, 9), (1, 10), (1, 11), (1, 12), (1, 13), (1, 14), (1, 15), (1, 16), (1, 17), (1, 18), (1, 19), (1, 20), (1, 21), (1, 22), (1, 23), (1, 24), (1, 25), (1, 26), (1, 27), (1, 28), (1, 29), (2, 0), (2, 1), (2, 2), (2, 3), (2, 4), (2, 5), (2, 6), (2, 7), (2, 8), (2, 9), (2, 10), (2, 11), (2, 12), (2, 13), (2, 14), (2, 15), (2, 16), (2, 17), (2, 18), (2, 19), (2, 20), (2, 21), (2, 22), (2, 23), (2, 24), (2, 25), (2, 26), (2, 27), (2, 28), (2, 29), (3, 0), (3, 1), (3, 2), (3, 3), (3, 4), (3, 5), (3, 6), (3, 7), (3, 8), (3, 9), (3, 10), (3, 11), (3, 12), (3, 13), (3, 14), (3, 15), (3, 16), (3, 17), (3, 18), (3, 19), (3, 20), (3, 21), (3, 22), (3, 23), (3, 24), (3, 25), (3, 26), (3, 27), (3, 28), (3, 29), (4, 0), (4, 1), (4, 2), (4, 3), (4, 4), (4, 5), (4, 6), (4, 7), (4, 8), (4, 9), (4, 10), (4, 11), (4, 12), (4, 13), (4, 14), (4, 15), (4, 16), (4, 17), (4, 18), (4, 19), (4, 20), (4, 21), (4, 22), (4, 23), (4, 24), (4, 25), (4, 26), (4, 27), (4, 28), (4, 29), (5, 0), (5, 1), (5, 2), (5, 3), (5, 4), (5, 5), (5, 6), (5, 7), (5, 8), (5, 9), (5, 10), (5, 11), (5, 12), (5, 13), (5, 14), (5, 15), (5, 16), (5, 17), (5, 18), (5, 19), (5, 20), (5, 21), (5, 22), (5, 23), (5, 24), (5, 25), (5, 26), (5, 27), (5, 28), (5, 29), (6, 0), (6, 1), (6, 2), (6, 3), (6, 4), (6, 5), (6, 6), (6, 7), (6, 8), (6, 9), (6, 10), (6, 11), (6, 12), (6, 13), (6, 14), (6, 15), (6, 16), (6, 17), (6, 18), (6, 19), (6, 20), (6, 21), (6, 22), (6, 23), (6, 24), (6, 25), (6, 26), (6, 27), (6, 28), (6, 29), (7, 0), (7, 1), (7, 2), (7, 3), (7, 4), (7, 5), (7, 6), (7, 7), (7, 8), (7, 9), (7, 10), (7, 11), (7, 12), (7, 13), (7, 14), (7, 15), (7, 16), (7, 17), (7, 18), (7, 19), (7, 20), (7, 21), (7, 22), (7, 23), (7, 24), (7, 25), (7, 26), (7, 27), (7, 28), (7, 29), (8, 0), (8, 1), (8, 2), (8, 3), (8, 4), (8, 5), (8, 6), (8, 7), (8, 8), (8, 9), (8, 10), (8, 11), (8, 12), (8, 13), (8, 14), (8, 15), (8, 16), (8, 17), (8, 18), (8, 19), (8, 20), (8, 21), (8, 22), (8, 23), (8, 24), (8, 25), (8, 26), (8, 27), (8, 28), (8, 29), (9, 0), (9, 1), (9, 2), (9, 3), (9, 4), (9, 5), (9, 6), (9, 7), (9, 8), (9, 9), (9, 10), (9, 11), (9, 12), (9, 13), (9, 14), (9, 15), (9, 16), (9, 17), (9, 18), (9, 19), (9, 20), (9, 21), (9, 22), (9, 23), (9, 24), (9, 25), (9, 26), (9, 27), (9, 28), (9, 29), (10, 0), (10, 1), (10, 2), (10, 3), (10, 4), (10, 5), (10, 6), (10, 7), (10, 8), (10, 9), (10, 10), (10, 11), (10, 12), (10, 13), (10, 14), (10, 15), (10, 16), (10, 17), (10, 18), (10, 19), (10, 20), (10, 21), (10, 22), (10, 23), (10, 24), (10, 25), (10, 26), (10, 27), (10, 28), (10, 29), (11, 0), (11, 1), (11, 2), (11, 3), (11, 4), (11, 5), (11, 6), (11, 7), (11, 8), (11, 9), (11, 10), (11, 11), (11, 12), (11, 13), (11, 14), (11, 15), (11, 16), (11, 17), (11, 18), (11, 19), (11, 20), (11, 21), (11, 22), (11, 23), (11, 24), (11, 25), (11, 26), (11, 27), (11, 28), (11, 29), (12, 0), (12, 1), (12, 2), (12, 3), (12, 4), (12, 5), (12, 6), (12, 7), (12, 8), (12, 9), (12, 10), (12, 11), (12, 12), (12, 13), (12, 14), (12, 15), (12, 16), (12, 17), (12, 18), (12, 19), (12, 20), (12, 21), (12, 22), (12, 23), (12, 24), (12, 25), (12, 26), (12, 27), (12, 28), (12, 29), (13, 0), (13, 1), (13, 2), (13, 3), (13, 4), (13, 5), (13, 6), (13, 7), (13, 8), (13, 9), (13, 10), (13, 11), (13, 12), (13, 13), (13, 14), (13, 15), (13, 16), (13, 17), (13, 18), (13, 19), (13, 20), (13, 21), (13, 22), (13, 23), (13, 24), (13, 25), (13, 26), (13, 27), (13, 28), (13, 29), (14, 0), (14, 1), (14, 2), (14, 3), (14, 4), (14, 5), (14, 6), (14, 7), (14, 8), (14, 9), (14, 10), (14, 11), (14, 12), (14, 13), (14, 14), (14, 15), (14, 16), (14, 17), (14, 18), (14, 19), (14, 20), (14, 21), (14, 22), (14, 23), (14, 24), (14, 25), (14, 26), (14, 27), (14, 28), (14, 29), (15, 0), (15, 1), (15, 2), (15, 3), (15, 4), (15, 5), (15, 6), (15, 7), (15, 8), (15, 9), (15, 10), (15, 11), (15, 12), (15, 13), (15, 14), (15, 15), (15, 16), (15, 17), (15, 18), (15, 19), (15, 20), (15, 21), (15, 22), (15, 23), (15, 24), (15, 25), (15, 26), (15, 27), (15, 28), (15, 29), (16, 0), (16, 1), (16, 2), (16, 3), (16, 4), (16, 5), (16, 6), (16, 7), (16, 8), (16, 9), (16, 10), (16, 11), (16, 12), (16, 13), (16, 14), (16, 15), (16, 16), (16, 17), (16, 18), (16, 19), (16, 20), (16, 21), (16, 22), (16, 23), (16, 24), (16, 25), (16, 26), (16, 27), (16, 28), (16, 29), (17, 0), (17, 1), (17, 2), (17, 3), (17, 4), (17, 5), (17, 6), (17, 7), (17, 8), (17, 9), (17, 10), (17, 11), (17, 12), (17, 13), (17, 14), (17, 15), (17, 16), (17, 17), (17, 18), (17, 19), (17, 20), (17, 21), (17, 22), (17, 23), (17, 24), (17, 25), (17, 26), (17, 27), (17, 28), (17, 29), (18, 0), (18, 1), (18, 2), (18, 3), (18, 4), (18, 5), (18, 6), (18, 7), (18, 8), (18, 9), (18, 10), (18, 11), (18, 12), (18, 13), (18, 14), (18, 15), (18, 16), (18, 17), (18, 18), (18, 19), (18, 20), (18, 21), (18, 22), (18, 23), (18, 24), (18, 25), (18, 26), (18, 27), (18, 28), (18, 29), (19, 0), (19, 1), (19, 2), (19, 3), (19, 4), (19, 5), (19, 6), (19, 7), (19, 8), (19, 9), (19, 10), (19, 11), (19, 12), (19, 13), (19, 14), (19, 15), (19, 16), (19, 17), (19, 18), (19, 19), (19, 20), (19, 21), (19, 22), (19, 23), (19, 24), (19, 25), (19, 26), (19, 27), (19, 28), (19, 29), (20, 0), (20, 1), (20, 2), (20, 3), (20, 4), (20, 5), (20, 6), (20, 7), (20, 8), (20, 9), (20, 10), (20, 11), (20, 12), (20, 13), (20, 14), (20, 15), (20, 16), (20, 17), (20, 18), (20, 19), (20, 20), (20, 21), (20, 22), (20, 23), (20, 24), (20, 25), (20, 26), (20, 27), (20, 28), (20, 29), (21, 0), (21, 1), (21, 2), (21, 3), (21, 4), (21, 5), (21, 6), (21, 7), (21, 8), (21, 9), (21, 10), (21, 11), (21, 12), (21, 13), (21, 14), (21, 15), (21, 16), (21, 17), (21, 18), (21, 19), (21, 20), (21, 21), (21, 22), (21, 23), (21, 24), (21, 25), (21, 26), (21, 27), (21, 28), (21, 29), (22, 0), (22, 1), (22, 2), (22, 3), (22, 4), (22, 5), (22, 6), (22, 7), (22, 8), (22, 9), (22, 10), (22, 11), (22, 12), (22, 13), (22, 14), (22, 15), (22, 16), (22, 17), (22, 18), (22, 19), (22, 20), (22, 21), (22, 22), (22, 23), (22, 24), (22, 25), (22, 26), (22, 27), (22, 28), (22, 29), (23, 0), (23, 1), (23, 2), (23, 3), (23, 4), (23, 5), (23, 6), (23, 7), (23, 8), (23, 9), (23, 10), (23, 11), (23, 12), (23, 13), (23, 14), (23, 15), (23, 16), (23, 17), (23, 18), (23, 19), (23, 20), (23, 21), (23, 22), (23, 23), (23, 24), (23, 25), (23, 26), (23, 27), (23, 28), (23, 29), (24, 0), (24, 1), (24, 2), (24, 3), (24, 4), (24, 5), (24, 6), (24, 7), (24, 8), (24, 9), (24, 10), (24, 11), (24, 12), (24, 13), (24, 14), (24, 15), (24, 16), (24, 17), (24, 18), (24, 19), (24, 20), (24, 21), (24, 22), (24, 23), (24, 24), (24, 25), (24, 26), (24, 27), (24, 28), (24, 29), (25, 0), (25, 1), (25, 2), (25, 3), (25, 4), (25, 5), (25, 6), (25, 7), (25, 8), (25, 9), (25, 10), (25, 11), (25, 12), (25, 13), (25, 14), (25, 15), (25, 16), (25, 17), (25, 18), (25, 19), (25, 20), (25, 21), (25, 22), (25, 23), (25, 24), (25, 25), (25, 26), (25, 27), (25, 28), (25, 29), (26, 0), (26, 1), (26, 2), (26, 3), (26, 4), (26, 5), (26, 6), (26, 7), (26, 8), (26, 9), (26, 10), (26, 11), (26, 12), (26, 13), (26, 14), (26, 15), (26, 16), (26, 17), (26, 18), (26, 19), (26, 20), (26, 21), (26, 22), (26, 23), (26, 24), (26, 25), (26, 26), (26, 27), (26, 28), (26, 29), (27, 0), (27, 1), (27, 2), (27, 3), (27, 4), (27, 5), (27, 6), (27, 7), (27, 8), (27, 9), (27, 10), (27, 11), (27, 12), (27, 13), (27, 14), (27, 15), (27, 16), (27, 17), (27, 18), (27, 19), (27, 20), (27, 21), (27, 22), (27, 23), (27, 24), (27, 25), (27, 26), (27, 27), (27, 28), (27, 29), (28, 0), (28, 1), (28, 2), (28, 3), (28, 4), (28, 5), (28, 6), (28, 7), (28, 8), (28, 9), (28, 10), (28, 11), (28, 12), (28, 13), (28, 14), (28, 15), (28, 16), (28, 17), (28, 18), (28, 19), (28, 20), (28, 21), (28, 22), (28, 23), (28, 24), (28, 25), (28, 26), (28, 27), (28, 28), (28, 29), (29, 0), (29, 1), (29, 2), (29, 3), (29, 4), (29, 5), (29, 6), (29, 7), (29, 8), (29, 9), (29, 10), (29, 11), (29, 12), (29, 13), (29, 14), (29, 15), (29, 16), (29, 17), (29, 18), (29, 19), (29, 20), (29, 21), (29, 22), (29, 23), (29, 24), (29, 25), (29, 26), (29, 27), (29, 28), (29, 29)]
[Population data] 
Average population per node = 10000.0 
Total population = 9000000.0

choice bool = 1 - non uniform population (heterogeneous network) 
number of fixed nodes = 180
Index fixed nodes = [857, 718, 352, 258, 227, 402, 230, 861, 526, 582, 52, 188, 50, 300, 894, 895, 462, 669, 61, 190, 239, 110, 578, 705, 604, 372, 860, 411, 454, 671, 111, 641, 260, 719, 792, 732, 21, 240, 832, 784, 437, 467, 676, 272, 839, 427, 129, 485, 711, 416, 295, 112, 175, 727, 174, 0, 211, 97, 682, 399, 798, 752, 302, 845, 279, 590, 378, 7, 612, 598, 841, 158, 439, 400, 391, 142, 456, 858, 293, 362, 680, 364, 327, 848, 735, 842, 373, 385, 447, 717, 550, 163, 113, 253, 628, 703, 602, 873, 60, 517, 521, 794, 764, 365, 213, 252, 781, 55, 277, 789, 244, 200, 679, 758, 593, 475, 432, 720, 322, 26, 379, 93, 263, 357, 405, 247, 396, 193, 790, 547, 37, 274, 579, 206, 725, 431, 446, 470, 208, 803, 210, 30, 161, 642, 587, 195, 694, 566, 422, 298, 256, 692, 831, 483, 184, 515, 846, 523, 201, 246, 545, 92, 115, 591, 187, 501, 282, 283, 592, 168, 556, 621, 608, 73, 549, 216, 529, 81, 23, 761]
percentage of population in fixed nodes = 30

[Initial configuration]
Node population 0: [14907  8762  8642  8843  8730  8648  8655 14907  8674  8583  8793  8846
  8665  8905  8751  8785  8780  8758  8577  8763  8757 14962  8666 14954
  8663  8838 15067  8609  8783  8897 15036  8611  8714  8864  8655  8708
  8844 15080  8674  8747  8663  8871  8737  8643  8807  8836  8708  8910
  8588  8719 15279  8818 14959  8971  8696 15111  8734  8689  8648  8789
 15033 14945  8654  8781  8666  8745  8750  8835  8653  8855  8698  8757
  8698 14742  8783  8778  8925  8884  8927  8689  8790 15133  8799  8676
  8740  8520  8949  8597  8702  8597  8603  8624 15069 15054  8700  8747
  8740 15014  8699  8688  8591  8687  8761  8685  8923  8825  8879  8763
  8556  8790 14856 14832 15030 15044  8871 15185  8675  8671  8830  8572
  8730  8824  8823  8757  8776  8810  8717  8587  8699 15069  8882  8528
  8903  8503  8813  8655  8867  8657  8767  8626  8918  8625 14934  8914
  8587  8623  8776  8786  8823  8730  8708  8574  8759  8581  8767  8877
  8629  8661 14962  8644  8645 15075  8687 15058  8739  8728  8717  8776
 15072  8852  8933  8898  8639  8811 15073 14957  8683  8769  8747  8768
  8802  8683  8765  8708 15165  8659  8781 15121 15173  8736 14953  8713
  8699 14972  8736 14903  8832  8934  8854  8670 15089 14791  8676  8726
  8735  8613 15096  8921 14939  8802 14876 15076  8778 14774  8887  8678
 15330  8822  8723  8635  8798  8781  8740  8586  8787  8829  8789 14909
  8794  8779 14965  8692  8731  8844  8762  8786  8756  8797  8686 15126
 14847  8748  8707  8846 14998  8726 14984 14888  8919  8679  8791  8630
 15036 15044  8673  8640 15040  8916 14952  8882 15018  8705  8678 15036
  8831  8601  8707  8755  8820  8600  8761  8924 14973  8734 14951  8635
  8770 15057  8814 15040  8829  8721 14825 14963  8907  8785  8836  8823
  8611  8796  8685  8834  8802 14980  8724 14891  8574  8802 15139  8697
 15007  8718 14926  8698  8692  8773  8863  8469  8567  8511  8695  8667
  8776  8672  8745  8600  8886  8708  8771  8675  8836  8660 14991  8793
  8679  8790  8685 15291  8656  8665  8681  8694  8890  8766  8680  8905
  8788  8877  8699  8815  8679  8723  8871  8778  8793  8750  8835  8581
  8765  8785  8702  8887 15008  8789  8593  8721  8645 14979  8914  8756
  8827  8939 15005  8771 14983 14912  8757  8652  8773  8743  8663  8605
 14863 15150  8749  8872  8688  8767 14940 14938  8855  8864  8768  8738
  8651 14900  8633  8711  8719  8783  8774 15006  8810  8847  8839  8682
 15056  8738  8787 15037 14831  8804 14953  8816  8746 15053  8896  8837
  8783  8742  8784 15005  8774  8751  8675  8644 14869  8814  8768  8688
  8683  8835 15042  8734  8726  8793  8614 14894  8631  8816  8745 15109
 15178  8721  8736  8845  8708 15114  8824 15002  8599  8812  8961  8761
  8755  8873 14849 15054  8775  8771  8688  8913  8735  8868 15020  8806
 14847  8836  8804  8596  8655  8830 15108  8599  8769  8727  8720 14965
  8795  8677 14885  8697  8686  8706  8892 14993  8791  8818  8904  8709
  8840  8698  8730 14868  8962 15348  8762  8649  8862  8743  8763  8686
  8688  8853  8666  8587  8678  8642  8792  8823  8871 15026  8686  8685
  8641  8751  8749  8780  8839  8737  8675  8541  8622  8632  8738 14881
  8704 14940  8799  8673  8904 14958  8744 14985  8807  8753 14984  8961
  8766 14795  8740  8710  8730  8500  8781  8659  8733  8818  8872  8658
  8681  8677  8711  9002  8614 15003  8716 15065  8803 15186 15039  8714
  8877  8665  8853  8817 14867  8756  8808  8738  8677  8715  8936  8690
  8766  8742 15068  8670  8828  8923  8747  8703  8722  8797  8801  8764
  8855  9021 15080 14874  8746  8787 15220  8803  8639  8776  8858 15080
  8786  8620 14981 14896 14878 14786  8721  8766  8815  8709 14845  8822
  8838  8786 15007  8794 15000  8799  8666  8615 15034  8685  8791  8780
 15103  8706  8834  8837  8697  8743  8771  8821  8683 15222  8736  8799
  8714  8769  8625  8743 14863  8822  8563  8872  8776  8760  8959  8776
  8696  8703  8662  8672  8836 15228 14949  8815  8778  8905  8724  8561
  8903  8806  8792  8711  8791  8891  8646  8597  8769  8795  8760  8738
  8604  8739  8846  8690  8883  8601  8624  8718  9003 14851  8706 15022
  8795  8847  8744  8834 15127  8927  8838 15026 14860  8766 15180  8698
  8828  8689  8611  8742  8588  8765  8833  8804 15062  8786 15113  8732
  8679  8789  8798  8745  8674  8651  8738 14957  8700 15114  8626  8560
  8813  8930  8900 15028  8593  8920  8769  8826  8733 15136 14749 14827
 15004  8720  8671  8782  8796 15090  8659 14993  8687  8770  8702  9071
 14973  8632  8661 15051  8966  8758  8988  8761  8736  8875  8846  8837
  8744  8920  8477  8568  8664  8867  8824  8608 14855  8672  8533  8660
  8973  8703 14872  8769  8687 14852  8657  8799 15081  8755  8630  8761
  8790  8685  8923  8776  8612  8669  8718  8772  8824  8821  8814  8674
  8671 15016  8811  8898 15062  8751  8774  8804  8803 14819 14893  8598
 14840  8897 15067  8804  8770  8576 15002  8820  8862  8659  8850 15118
  8568  8798  8771  8703  8633  8781  8795  8604  8878  8817  8699  8752
  8780  8767  8861  8734  8682  8851  8810  8612  8614  8798  8606  8771
  8557  8799  8908 15038 15013  8922  8896  8711  8693  8773  8801 14777
  8859 14961 14933  8861  8663 15224 14942  8825 14984  8656  8745  8731
  8862  8689  8748  8843  8709 15176 15065  8680 15184 14853  8889  8805
  8812  8737  8880  8799  8685  8532  8919  8631  8691 15102  8765  8634
  8822  8637  8895  8835  8898  8779  8825  8694  8743  8813  8747  8707
  8812  8595  8808  8814  8574  8783 14963 15004  8760  8774  8671  8544]

[Connectivity]
Strong connection = True
a = 0.2
b = 0.48360805024100295

[PF convergence]
rho0 = [0.00165633 0.00097356 0.00096022 0.00098256 0.00097    0.00096089
 0.00096167 0.00165633 0.00096378 0.00095367 0.000977   0.00098289
 0.00096278 0.00098944 0.00097233 0.00097611 0.00097556 0.00097311
 0.000953   0.00097367 0.000973   0.00166244 0.00096289 0.00166156
 0.00096256 0.000982   0.00167411 0.00095656 0.00097589 0.00098856
 0.00167067 0.00095678 0.00096822 0.00098489 0.00096167 0.00096756
 0.00098267 0.00167556 0.00096378 0.00097189 0.00096256 0.00098567
 0.00097078 0.00096033 0.00097856 0.00098178 0.00096756 0.00099
 0.00095422 0.00096878 0.00169767 0.00097978 0.00166211 0.00099678
 0.00096622 0.001679   0.00097044 0.00096544 0.00096089 0.00097656
 0.00167033 0.00166056 0.00096156 0.00097567 0.00096289 0.00097167
 0.00097222 0.00098167 0.00096144 0.00098389 0.00096644 0.000973
 0.00096644 0.001638   0.00097589 0.00097533 0.00099167 0.00098711
 0.00099189 0.00096544 0.00097667 0.00168144 0.00097767 0.000964
 0.00097111 0.00094667 0.00099433 0.00095522 0.00096689 0.00095522
 0.00095589 0.00095822 0.00167433 0.00167267 0.00096667 0.00097189
 0.00097111 0.00166822 0.00096656 0.00096533 0.00095456 0.00096522
 0.00097344 0.000965   0.00099144 0.00098056 0.00098656 0.00097367
 0.00095067 0.00097667 0.00165067 0.001648   0.00167    0.00167156
 0.00098567 0.00168722 0.00096389 0.00096344 0.00098111 0.00095244
 0.00097    0.00098044 0.00098033 0.000973   0.00097511 0.00097889
 0.00096856 0.00095411 0.00096656 0.00167433 0.00098689 0.00094756
 0.00098922 0.00094478 0.00097922 0.00096167 0.00098522 0.00096189
 0.00097411 0.00095844 0.00099089 0.00095833 0.00165933 0.00099044
 0.00095411 0.00095811 0.00097511 0.00097622 0.00098033 0.00097
 0.00096756 0.00095267 0.00097322 0.00095344 0.00097411 0.00098633
 0.00095878 0.00096233 0.00166244 0.00096044 0.00096056 0.001675
 0.00096522 0.00167311 0.000971   0.00096978 0.00096856 0.00097511
 0.00167467 0.00098356 0.00099256 0.00098867 0.00095989 0.000979
 0.00167478 0.00166189 0.00096478 0.00097433 0.00097189 0.00097422
 0.000978   0.00096478 0.00097389 0.00096756 0.001685   0.00096211
 0.00097567 0.00168011 0.00168589 0.00097067 0.00166144 0.00096811
 0.00096656 0.00166356 0.00097067 0.00165589 0.00098133 0.00099267
 0.00098378 0.00096333 0.00167656 0.00164344 0.000964   0.00096956
 0.00097056 0.000957   0.00167733 0.00099122 0.00165989 0.000978
 0.00165289 0.00167511 0.00097533 0.00164156 0.00098744 0.00096422
 0.00170333 0.00098022 0.00096922 0.00095944 0.00097756 0.00097567
 0.00097111 0.000954   0.00097633 0.000981   0.00097656 0.00165656
 0.00097711 0.00097544 0.00166278 0.00096578 0.00097011 0.00098267
 0.00097356 0.00097622 0.00097289 0.00097744 0.00096511 0.00168067
 0.00164967 0.000972   0.00096744 0.00098289 0.00166644 0.00096956
 0.00166489 0.00165422 0.000991   0.00096433 0.00097678 0.00095889
 0.00167067 0.00167156 0.00096367 0.00096    0.00167111 0.00099067
 0.00166133 0.00098689 0.00166867 0.00096722 0.00096422 0.00167067
 0.00098122 0.00095567 0.00096744 0.00097278 0.00098    0.00095556
 0.00097344 0.00099156 0.00166367 0.00097044 0.00166122 0.00095944
 0.00097444 0.001673   0.00097933 0.00167111 0.000981   0.000969
 0.00164722 0.00166256 0.00098967 0.00097611 0.00098178 0.00098033
 0.00095678 0.00097733 0.000965   0.00098156 0.000978   0.00166444
 0.00096933 0.00165456 0.00095267 0.000978   0.00168211 0.00096633
 0.00166744 0.00096867 0.00165844 0.00096644 0.00096578 0.00097478
 0.00098478 0.000941   0.00095189 0.00094567 0.00096611 0.000963
 0.00097511 0.00096356 0.00097167 0.00095556 0.00098733 0.00096756
 0.00097456 0.00096389 0.00098178 0.00096222 0.00166567 0.000977
 0.00096433 0.00097667 0.000965   0.001699   0.00096178 0.00096278
 0.00096456 0.000966   0.00098778 0.000974   0.00096444 0.00098944
 0.00097644 0.00098633 0.00096656 0.00097944 0.00096433 0.00096922
 0.00098567 0.00097533 0.000977   0.00097222 0.00098167 0.00095344
 0.00097389 0.00097611 0.00096689 0.00098744 0.00166756 0.00097656
 0.00095478 0.000969   0.00096056 0.00166433 0.00099044 0.00097289
 0.00098078 0.00099322 0.00166722 0.00097456 0.00166478 0.00165689
 0.000973   0.00096133 0.00097478 0.00097144 0.00096256 0.00095611
 0.00165144 0.00168333 0.00097211 0.00098578 0.00096533 0.00097411
 0.00166    0.00165978 0.00098389 0.00098489 0.00097422 0.00097089
 0.00096122 0.00165556 0.00095922 0.00096789 0.00096878 0.00097589
 0.00097489 0.00166733 0.00097889 0.000983   0.00098211 0.00096467
 0.00167289 0.00097089 0.00097633 0.00167078 0.00164789 0.00097822
 0.00166144 0.00097956 0.00097178 0.00167256 0.00098844 0.00098189
 0.00097589 0.00097133 0.000976   0.00166722 0.00097489 0.00097233
 0.00096389 0.00096044 0.00165211 0.00097933 0.00097422 0.00096533
 0.00096478 0.00098167 0.00167133 0.00097044 0.00096956 0.000977
 0.00095711 0.00165489 0.000959   0.00097956 0.00097167 0.00167878
 0.00168644 0.000969   0.00097067 0.00098278 0.00096756 0.00167933
 0.00098044 0.00166689 0.00095544 0.00097911 0.00099567 0.00097344
 0.00097278 0.00098589 0.00164989 0.00167267 0.000975   0.00097456
 0.00096533 0.00099033 0.00097056 0.00098533 0.00166889 0.00097844
 0.00164967 0.00098178 0.00097822 0.00095511 0.00096167 0.00098111
 0.00167867 0.00095544 0.00097433 0.00096967 0.00096889 0.00166278
 0.00097722 0.00096411 0.00165389 0.00096633 0.00096511 0.00096733
 0.000988   0.00166589 0.00097678 0.00097978 0.00098933 0.00096767
 0.00098222 0.00096644 0.00097    0.001652   0.00099578 0.00170533
 0.00097356 0.000961   0.00098467 0.00097144 0.00097367 0.00096511
 0.00096533 0.00098367 0.00096289 0.00095411 0.00096422 0.00096022
 0.00097689 0.00098033 0.00098567 0.00166956 0.00096511 0.000965
 0.00096011 0.00097233 0.00097211 0.00097556 0.00098211 0.00097078
 0.00096389 0.000949   0.000958   0.00095911 0.00097089 0.00165344
 0.00096711 0.00166    0.00097767 0.00096367 0.00098933 0.001662
 0.00097156 0.001665   0.00097856 0.00097256 0.00166489 0.00099567
 0.000974   0.00164389 0.00097111 0.00096778 0.00097    0.00094444
 0.00097567 0.00096211 0.00097033 0.00097978 0.00098578 0.000962
 0.00096456 0.00096411 0.00096789 0.00100022 0.00095711 0.001667
 0.00096844 0.00167389 0.00097811 0.00168733 0.001671   0.00096822
 0.00098633 0.00096278 0.00098367 0.00097967 0.00165189 0.00097289
 0.00097867 0.00097089 0.00096411 0.00096833 0.00099289 0.00096556
 0.000974   0.00097133 0.00167422 0.00096333 0.00098089 0.00099144
 0.00097189 0.000967   0.00096911 0.00097744 0.00097789 0.00097378
 0.00098389 0.00100233 0.00167556 0.00165267 0.00097178 0.00097633
 0.00169111 0.00097811 0.00095989 0.00097511 0.00098422 0.00167556
 0.00097622 0.00095778 0.00166456 0.00165511 0.00165311 0.00164289
 0.000969   0.000974   0.00097944 0.00096767 0.00164944 0.00098022
 0.000982   0.00097622 0.00166744 0.00097711 0.00166667 0.00097767
 0.00096289 0.00095722 0.00167044 0.000965   0.00097678 0.00097556
 0.00167811 0.00096733 0.00098156 0.00098189 0.00096633 0.00097144
 0.00097456 0.00098011 0.00096478 0.00169133 0.00097067 0.00097767
 0.00096822 0.00097433 0.00095833 0.00097144 0.00165144 0.00098022
 0.00095144 0.00098578 0.00097511 0.00097333 0.00099544 0.00097511
 0.00096622 0.000967   0.00096244 0.00096356 0.00098178 0.001692
 0.001661   0.00097944 0.00097533 0.00098944 0.00096933 0.00095122
 0.00098922 0.00097844 0.00097689 0.00096789 0.00097678 0.00098789
 0.00096067 0.00095522 0.00097433 0.00097722 0.00097333 0.00097089
 0.000956   0.000971   0.00098289 0.00096556 0.000987   0.00095567
 0.00095822 0.00096867 0.00100033 0.00165011 0.00096733 0.00166911
 0.00097722 0.000983   0.00097156 0.00098156 0.00168078 0.00099189
 0.000982   0.00166956 0.00165111 0.000974   0.00168667 0.00096644
 0.00098089 0.00096544 0.00095678 0.00097133 0.00095422 0.00097389
 0.00098144 0.00097822 0.00167356 0.00097622 0.00167922 0.00097022
 0.00096433 0.00097656 0.00097756 0.00097167 0.00096378 0.00096122
 0.00097089 0.00166189 0.00096667 0.00167933 0.00095844 0.00095111
 0.00097922 0.00099222 0.00098889 0.00166978 0.00095478 0.00099111
 0.00097433 0.00098067 0.00097033 0.00168178 0.00163878 0.00164744
 0.00166711 0.00096889 0.00096344 0.00097578 0.00097733 0.00167667
 0.00096211 0.00166589 0.00096522 0.00097444 0.00096689 0.00100789
 0.00166367 0.00095911 0.00096233 0.00167233 0.00099622 0.00097311
 0.00099867 0.00097344 0.00097067 0.00098611 0.00098289 0.00098189
 0.00097156 0.00099111 0.00094189 0.000952   0.00096267 0.00098522
 0.00098044 0.00095644 0.00165056 0.00096356 0.00094811 0.00096222
 0.000997   0.000967   0.00165244 0.00097433 0.00096522 0.00165022
 0.00096189 0.00097767 0.00167567 0.00097278 0.00095889 0.00097344
 0.00097667 0.000965   0.00099144 0.00097511 0.00095689 0.00096322
 0.00096867 0.00097467 0.00098044 0.00098011 0.00097933 0.00096378
 0.00096344 0.00166844 0.000979   0.00098867 0.00167356 0.00097233
 0.00097489 0.00097822 0.00097811 0.00164656 0.00165478 0.00095533
 0.00164889 0.00098856 0.00167411 0.00097822 0.00097444 0.00095289
 0.00166689 0.00098    0.00098467 0.00096211 0.00098333 0.00167978
 0.000952   0.00097756 0.00097456 0.000967   0.00095922 0.00097567
 0.00097722 0.000956   0.00098644 0.00097967 0.00096656 0.00097244
 0.00097556 0.00097411 0.00098456 0.00097044 0.00096467 0.00098344
 0.00097889 0.00095689 0.00095711 0.00097756 0.00095622 0.00097456
 0.00095078 0.00097767 0.00098978 0.00167089 0.00166811 0.00099133
 0.00098844 0.00096789 0.00096589 0.00097478 0.00097789 0.00164189
 0.00098433 0.00166233 0.00165922 0.00098456 0.00096256 0.00169156
 0.00166022 0.00098056 0.00166489 0.00096178 0.00097167 0.00097011
 0.00098467 0.00096544 0.000972   0.00098256 0.00096767 0.00168622
 0.00167389 0.00096444 0.00168711 0.00165033 0.00098767 0.00097833
 0.00097911 0.00097078 0.00098667 0.00097767 0.000965   0.000948
 0.000991   0.000959   0.00096567 0.001678   0.00097389 0.00095933
 0.00098022 0.00095967 0.00098833 0.00098167 0.00098867 0.00097544
 0.00098056 0.000966   0.00097144 0.00097922 0.00097189 0.00096744
 0.00097911 0.000955   0.00097867 0.00097933 0.00095267 0.00097589
 0.00166256 0.00166711 0.00097333 0.00097489 0.00096344 0.00094933]
k_list = [   1    5   10   20   50  100  200  500 1000]
diff_list = [25.04639928 15.1567255   9.99316976  5.67191813  2.63500045  2.14520875
  2.09491588  2.09342373  2.09342374]

[Input degrees]
in_degrees = [11, 8, 9, 8, 10, 11, 7, 12, 11, 11, 12, 17, 8, 6, 12, 11, 16, 11, 10, 8, 12, 11, 13, 17, 10, 8, 12, 7, 7, 12, 6, 13, 16, 9, 12, 12, 13, 18, 12, 10, 12, 14, 11, 11, 16, 19, 10, 6, 6, 9, 22, 14, 11, 9, 9, 18, 14, 11, 9, 6, 13, 13, 12, 14, 11, 11, 12, 11, 15, 12, 12, 11, 15, 17, 17, 7, 10, 7, 9, 14, 10, 15, 13, 11, 6, 11, 15, 8, 11, 12, 7, 5, 16, 18, 10, 8, 16, 17, 8, 13, 15, 16, 12, 15, 16, 12, 13, 14, 11, 8, 19, 23, 25, 17, 11, 21, 9, 9, 15, 10, 8, 15, 8, 12, 8, 14, 9, 5, 13, 22, 14, 16, 11, 11, 14, 18, 13, 9, 9, 9, 18, 9, 25, 19, 10, 12, 7, 8, 13, 9, 9, 15, 15, 16, 11, 14, 13, 12, 17, 13, 12, 11, 15, 20, 15, 9, 18, 14, 17, 14, 14, 4, 10, 14, 11, 19, 11, 11, 9, 7, 13, 10, 7, 20, 13, 9, 11, 16, 18, 11, 13, 11, 18, 13, 15, 24, 12, 14, 10, 18, 14, 22, 13, 10, 15, 20, 14, 17, 18, 9, 8, 26, 10, 17, 12, 10, 21, 14, 13, 14, 15, 11, 14, 16, 16, 12, 14, 21, 17, 11, 16, 15, 16, 7, 17, 15, 16, 8, 11, 14, 11, 11, 14, 14, 17, 12, 17, 12, 13, 14, 7, 12, 23, 28, 14, 13, 16, 14, 18, 15, 23, 13, 7, 19, 20, 9, 17, 11, 10, 12, 11, 8, 15, 15, 13, 15, 12, 23, 10, 18, 10, 14, 19, 29, 15, 9, 11, 18, 17, 12, 14, 13, 10, 18, 14, 29, 11, 11, 17, 14, 14, 7, 13, 10, 10, 17, 10, 10, 11, 10, 13, 11, 15, 15, 13, 11, 10, 12, 15, 12, 18, 19, 23, 14, 12, 12, 14, 16, 14, 10, 10, 12, 17, 11, 18, 11, 8, 12, 18, 16, 12, 7, 16, 13, 13, 13, 19, 17, 11, 18, 10, 19, 16, 6, 6, 15, 13, 9, 12, 11, 11, 10, 18, 9, 19, 23, 10, 19, 17, 12, 17, 7, 25, 19, 12, 13, 8, 9, 19, 25, 18, 11, 15, 7, 11, 17, 13, 10, 15, 9, 9, 24, 11, 13, 15, 9, 13, 24, 9, 21, 17, 19, 18, 9, 15, 19, 15, 13, 15, 12, 9, 16, 10, 10, 12, 12, 13, 10, 10, 13, 12, 12, 17, 12, 18, 15, 13, 15, 12, 14, 12, 24, 19, 20, 13, 13, 11, 22, 14, 23, 17, 18, 23, 13, 9, 14, 11, 22, 11, 16, 10, 10, 18, 14, 19, 17, 15, 9, 15, 9, 15, 12, 29, 14, 10, 20, 17, 17, 20, 11, 16, 6, 15, 12, 13, 19, 13, 19, 7, 10, 5, 10, 13, 18, 14, 16, 14, 11, 14, 14, 18, 16, 13, 14, 9, 12, 8, 9, 15, 14, 17, 21, 14, 14, 15, 13, 12, 10, 12, 8, 9, 15, 14, 9, 15, 18, 18, 20, 12, 9, 7, 19, 18, 18, 13, 17, 22, 20, 15, 18, 12, 9, 10, 12, 12, 12, 9, 12, 8, 10, 10, 8, 10, 8, 6, 18, 18, 21, 16, 25, 15, 18, 11, 14, 17, 17, 16, 15, 15, 19, 12, 13, 15, 14, 14, 14, 16, 20, 11, 9, 11, 8, 18, 12, 18, 17, 15, 18, 25, 22, 12, 17, 16, 9, 13, 12, 9, 26, 12, 18, 18, 24, 17, 24, 4, 15, 13, 11, 11, 14, 10, 9, 19, 12, 20, 11, 19, 17, 27, 20, 14, 17, 21, 16, 12, 11, 15, 13, 15, 12, 20, 23, 13, 9, 14, 16, 7, 9, 13, 14, 6, 10, 12, 11, 8, 13, 9, 15, 17, 12, 14, 21, 20, 14, 20, 17, 6, 14, 13, 11, 16, 16, 11, 11, 12, 11, 14, 8, 5, 8, 12, 14, 13, 10, 11, 10, 9, 10, 15, 22, 14, 21, 9, 16, 16, 8, 24, 11, 18, 23, 16, 8, 17, 12, 11, 6, 10, 15, 11, 9, 7, 14, 15, 8, 19, 10, 18, 11, 19, 15, 16, 14, 10, 11, 14, 20, 13, 11, 11, 16, 15, 18, 12, 12, 21, 11, 11, 14, 6, 11, 7, 5, 10, 9, 10, 19, 11, 16, 9, 13, 8, 18, 15, 12, 6, 22, 15, 11, 14, 15, 6, 13, 14, 14, 14, 12, 7, 9, 11, 7, 10, 9, 15, 11, 7, 11, 8, 8, 19, 11, 15, 20, 14, 10, 23, 12, 11, 16, 7, 12, 17, 10, 16, 7, 19, 12, 13, 15, 17, 6, 10, 12, 10, 13, 24, 14, 11, 10, 16, 12, 21, 15, 20, 13, 16, 11, 7, 14, 15, 11, 9, 13, 12, 25, 13, 8, 12, 13, 7, 11, 11, 6, 10, 14, 10, 13, 12, 12, 9, 14, 9, 12, 17, 13, 11, 12, 14, 13, 17, 16, 13, 27, 15, 12, 13, 11, 8, 11, 9, 13, 9, 14, 15, 8, 13, 18, 15, 9, 16, 14, 7, 12, 13, 19, 12, 14, 7, 16, 19, 13, 17, 13, 11, 11, 7, 7, 6, 6, 11, 12, 9, 8, 8, 9, 11, 11, 11, 11, 9, 14, 7, 8, 13, 11, 10, 7, 10, 8, 11, 10, 8, 10, 15, 14, 18, 18, 6, 7, 8, 9]