 ---------------------------------------------

              TOPOLOGY FILE - v1      

      Author : Teresa Dalle Nogare
      Date :2023-11-16

 ---------------------------------------------

[Nodes] 
N_row = 10, N_col = 10, N = N_row x N_col = 100 
Position of nodes = [(0, 0), (0, 1), (0, 2), (0, 3), (0, 4), (0, 5), (0, 6), (0, 7), (0, 8), (0, 9), (1, 0), (1, 1), (1, 2), (1, 3), (1, 4), (1, 5), (1, 6), (1, 7), (1, 8), (1, 9), (2, 0), (2, 1), (2, 2), (2, 3), (2, 4), (2, 5), (2, 6), (2, 7), (2, 8), (2, 9), (3, 0), (3, 1), (3, 2), (3, 3), (3, 4), (3, 5), (3, 6), (3, 7), (3, 8), (3, 9), (4, 0), (4, 1), (4, 2), (4, 3), (4, 4), (4, 5), (4, 6), (4, 7), (4, 8), (4, 9), (5, 0), (5, 1), (5, 2), (5, 3), (5, 4), (5, 5), (5, 6), (5, 7), (5, 8), (5, 9), (6, 0), (6, 1), (6, 2), (6, 3), (6, 4), (6, 5), (6, 6), (6, 7), (6, 8), (6, 9), (7, 0), (7, 1), (7, 2), (7, 3), (7, 4), (7, 5), (7, 6), (7, 7), (7, 8), (7, 9), (8, 0), (8, 1), (8, 2), (8, 3), (8, 4), (8, 5), (8, 6), (8, 7), (8, 8), (8, 9), (9, 0), (9, 1), (9, 2), (9, 3), (9, 4), (9, 5), (9, 6), (9, 7), (9, 8), (9, 9)]
[Population data] 
Average population per node = 10000.0 
Total population = 1000000.0

choice bool = 1 - non uniform population (heterogeneous network) 
number of fixed nodes = 20
Index fixed nodes = [39, 57, 8, 45, 15, 21, 97, 40, 24, 74, 65, 26, 66, 82, 51, 78, 93, 61, 33, 70]
percentage of population in fixed nodes = 30

[Initial configuration]
Node population 0: [ 8595  8768  8698  8704  8857  8836  8605  8535 14842  8694  8774  8801
  8590  8728  8671 15013  8714  8841  8608  8732  8795 14947  8775  8788
 15015  8855 14898  8795  8927  8781  8735  8907  8709 14996  8748  8804
  8741  8741  8720 15359 15023  8667  8610  8544  8673 15040  8830  8876
  8924  8679  8812 14991  8753  8561  8507  8829  8758 15235  8749  8702
  8681 14806  8881  8741  8713 14947 15012  8763  8884  8632 14886  8765
  8884  8725 14938  8728  8967  8947 15257  8843  8641  8976 14911  8734
  8753  8859  8599  8662  8572  8782  8851  8869  8670 14948  8928  8695
  8610 14936  8883  8716]

[Connectivity]
Strong connection = True
a = 0.2
b = 0.45241870901797976

[PF convergence]
rho0 = [0.008595 0.008768 0.008698 0.008704 0.008857 0.008836 0.008605 0.008535
 0.014842 0.008694 0.008774 0.008801 0.00859  0.008728 0.008671 0.015013
 0.008714 0.008841 0.008608 0.008732 0.008795 0.014947 0.008775 0.008788
 0.015015 0.008855 0.014898 0.008795 0.008927 0.008781 0.008735 0.008907
 0.008709 0.014996 0.008748 0.008804 0.008741 0.008741 0.00872  0.015359
 0.015023 0.008667 0.00861  0.008544 0.008673 0.01504  0.00883  0.008876
 0.008924 0.008679 0.008812 0.014991 0.008753 0.008561 0.008507 0.008829
 0.008758 0.015235 0.008749 0.008702 0.008681 0.014806 0.008881 0.008741
 0.008713 0.014947 0.015012 0.008763 0.008884 0.008632 0.014886 0.008765
 0.008884 0.008725 0.014938 0.008728 0.008967 0.008947 0.015257 0.008843
 0.008641 0.008976 0.014911 0.008734 0.008753 0.008859 0.008599 0.008662
 0.008572 0.008782 0.008851 0.008869 0.00867  0.014948 0.008928 0.008695
 0.00861  0.014936 0.008883 0.008716]
k_list = [   1    5   10   20   50  100  200  500 1000]
diff_list = [8.57522465 6.06719615 4.82974563 3.67681643 2.54583142 2.17967987
 2.1003599  2.09347712 2.09346622]

[Input degrees]
in_degrees = [4, 5, 3, 2, 5, 3, 4, 3, 6, 3, 4, 5, 6, 6, 3, 5, 6, 4, 4, 5, 3, 4, 3, 5, 4, 2, 4, 4, 3, 5, 6, 4, 4, 7, 2, 4, 5, 3, 3, 6, 8, 7, 5, 5, 6, 8, 9, 3, 3, 5, 3, 4, 7, 6, 7, 6, 9, 8, 4, 2, 5, 10, 4, 7, 2, 8, 9, 5, 5, 3, 12, 5, 3, 7, 9, 5, 2, 5, 9, 5, 3, 4, 5, 7, 5, 3, 4, 4, 6, 4, 6, 2, 6, 4, 4, 5, 2, 4, 3, 5]