Seeds that generate strongly connected and aperiodic networks. Result of code find_seede_SC_network.py
ATTENTION : For those seeds it could be that self loop are negative. Need to control

c = a/density_max
Pmax = T.sum(axis=1).max()
c1 = b / Pmax
############################################# PARAMETERS ###############################################################
Population uniformly distributed between all nodes : choice_bool = 0
avg_popPerNode = 1e3
a = 0.2
b = 0.9
########################################################################################################################
N = 2x2 = 4

seeds = [0, 2, 6, 8, 14, 16, 19, 24, 27, 29, 39, 40, 49, 50, 55, 58, 59, 64, 65, 70, 73, 75, 77, 85, 86, 90, 92, 93, 95,
 97, 101, 103, 106, 113, 115, 117, 122, 123, 126, 129, 131, 132, 133, 139, 143, 145, 148, 150, 151, 153, 155, 157, 161,
 162, 163, 166, 167, 168, 169, 172, 177, 179, 180, 181, 184, 193, 197, 198, 200, 203, 204, 206, 207, 211, 215, 217, 219,
  220, 226, 227, 229, 230, 234, 236, 239, 247, 249, 251, 254, 258, 259, 260, 263, 265, 267, 269, 270, 272, 274, 277,
  281, 283, 286, 287, 288, 291, 293, 294, 296, 299, 301, 305, 307, 311, 317, 321, 322, 325, 329, 333, 335, 336, 337,
  341, 342, 343, 350, 355, 356, 361, 366, 367, 370, 376, 380, 391, 393, 397, 400, 402, 406, 412, 415, 416, 417, 418,
  420, 426, 430, 431, 436, 439, 441, 442, 446, 447, 450, 453, 456, 457, 458, 461, 468, 470, 474, 477, 479, 481, 482,
  484, 486, 490, 493, 495, 498, 500, 501, 504, 505, 512, 513, 519, 525, 528, 531, 532, 533, 536, 539, 542, 544, 545,
  546, 547, 549, 551, 556, 559, 561, 563, 564, 566, 568, 569, 570, 574, 575, 582, 588, 596, 597, 599, 600, 605, 607,
  609, 610, 613, 617, 618, 621, 638, 643, 650, 652, 653, 654, 655, 658, 659, 660, 661, 663, 673, 675, 676, 678, 679,
  688, 689, 690, 692, 694, 695, 696, 697, 698, 700, 703, 704, 705, 707, 708, 709, 710, 711, 713, 716, 718, 720, 725,
  731, 739, 742, 744, 746, 747, 748, 749, 751, 756, 757, 764, 765, 771, 773, 776, 778, 779, 782, 785, 786, 789, 795,
  796, 797, 798, 804, 807, 808, 809, 812, 813, 816, 821, 822, 823, 826, 831, 832, 833, 834, 835, 838, 842, 844, 852,
   853, 854, 863, 869, 872, 874, 875, 878, 881, 882, 885, 886, 891, 904, 911, 913, 916, 917, 918, 921, 922, 925, 927,
    931, 934, 935, 939, 943, 946, 947, 950, 951, 953, 955, 963, 968, 973, 976, 980, 984, 986, 990, 992, 994, 996]

------------------------------------------------------------------------------------------------------------------------
N = 3x3 = 9

seeds = [21, 66, 82, 84, 155, 156, 174, 192, 248, 260, 281, 289, 371, 401, 427, 478, 479, 499, 560, 565, 647, 677, 725,
 737, 785, 788, 790, 847, 859, 888, 902, 912, 919, 954, 978, 994, 996]

------------------------------------------------------------------------------------------------------------------------
N = 4x4 = 16

seeds = [26, 34, 46, 48, 156, 163, 169, 175, 181, 193, 270, 281, 289, 368, 452, 453, 468, 488, 502, 527, 549, 561, 564,
573, 574, 590, 697, 740, 749, 755, 785, 832, 885, 902, 946, 958, 968, 974, 990]

------------------------------------------------------------------------------------------------------------------------
N = 5x5 = 25

seeds =[0, 1, 15, 23, 24, 29, 46, 76, 110, 112, 144, 151, 152, 169, 171, 191, 199, 200, 218, 257, 270, 271, 277, 281, 308,
 312, 319, 363, 370, 378, 381, 428, 447, 453, 464, 482, 511, 540, 556, 580, 588, 639, 708, 723, 749, 755, 771, 777, 780,
  789, 798, 801, 827, 828, 839, 885, 900, 907, 918, 946, 966]

------------------------------------------------------------------------------------------------------------------------
N = 6x6 = 36

seeds =