 ---------------------------------------------

              TOPOLOGY FILE - v1      

      Author : Teresa Dalle Nogare
      Date :2023-11-16

 ---------------------------------------------

[Nodes] 
N_row = 30, N_col = 30, N = N_row x N_col = 900 
Position of nodes = [(0, 0), (0, 1), (0, 2), (0, 3), (0, 4), (0, 5), (0, 6), (0, 7), (0, 8), (0, 9), (0, 10), (0, 11), (0, 12), (0, 13), (0, 14), (0, 15), (0, 16), (0, 17), (0, 18), (0, 19), (0, 20), (0, 21), (0, 22), (0, 23), (0, 24), (0, 25), (0, 26), (0, 27), (0, 28), (0, 29), (1, 0), (1, 1), (1, 2), (1, 3), (1, 4), (1, 5), (1, 6), (1, 7), (1, 8), (1, 9), (1, 10), (1, 11), (1, 12), (1, 13), (1, 14), (1, 15), (1, 16), (1, 17), (1, 18), (1, 19), (1, 20), (1, 21), (1, 22), (1, 23), (1, 24), (1, 25), (1, 26), (1, 27), (1, 28), (1, 29), (2, 0), (2, 1), (2, 2), (2, 3), (2, 4), (2, 5), (2, 6), (2, 7), (2, 8), (2, 9), (2, 10), (2, 11), (2, 12), (2, 13), (2, 14), (2, 15), (2, 16), (2, 17), (2, 18), (2, 19), (2, 20), (2, 21), (2, 22), (2, 23), (2, 24), (2, 25), (2, 26), (2, 27), (2, 28), (2, 29), (3, 0), (3, 1), (3, 2), (3, 3), (3, 4), (3, 5), (3, 6), (3, 7), (3, 8), (3, 9), (3, 10), (3, 11), (3, 12), (3, 13), (3, 14), (3, 15), (3, 16), (3, 17), (3, 18), (3, 19), (3, 20), (3, 21), (3, 22), (3, 23), (3, 24), (3, 25), (3, 26), (3, 27), (3, 28), (3, 29), (4, 0), (4, 1), (4, 2), (4, 3), (4, 4), (4, 5), (4, 6), (4, 7), (4, 8), (4, 9), (4, 10), (4, 11), (4, 12), (4, 13), (4, 14), (4, 15), (4, 16), (4, 17), (4, 18), (4, 19), (4, 20), (4, 21), (4, 22), (4, 23), (4, 24), (4, 25), (4, 26), (4, 27), (4, 28), (4, 29), (5, 0), (5, 1), (5, 2), (5, 3), (5, 4), (5, 5), (5, 6), (5, 7), (5, 8), (5, 9), (5, 10), (5, 11), (5, 12), (5, 13), (5, 14), (5, 15), (5, 16), (5, 17), (5, 18), (5, 19), (5, 20), (5, 21), (5, 22), (5, 23), (5, 24), (5, 25), (5, 26), (5, 27), (5, 28), (5, 29), (6, 0), (6, 1), (6, 2), (6, 3), (6, 4), (6, 5), (6, 6), (6, 7), (6, 8), (6, 9), (6, 10), (6, 11), (6, 12), (6, 13), (6, 14), (6, 15), (6, 16), (6, 17), (6, 18), (6, 19), (6, 20), (6, 21), (6, 22), (6, 23), (6, 24), (6, 25), (6, 26), (6, 27), (6, 28), (6, 29), (7, 0), (7, 1), (7, 2), (7, 3), (7, 4), (7, 5), (7, 6), (7, 7), (7, 8), (7, 9), (7, 10), (7, 11), (7, 12), (7, 13), (7, 14), (7, 15), (7, 16), (7, 17), (7, 18), (7, 19), (7, 20), (7, 21), (7, 22), (7, 23), (7, 24), (7, 25), (7, 26), (7, 27), (7, 28), (7, 29), (8, 0), (8, 1), (8, 2), (8, 3), (8, 4), (8, 5), (8, 6), (8, 7), (8, 8), (8, 9), (8, 10), (8, 11), (8, 12), (8, 13), (8, 14), (8, 15), (8, 16), (8, 17), (8, 18), (8, 19), (8, 20), (8, 21), (8, 22), (8, 23), (8, 24), (8, 25), (8, 26), (8, 27), (8, 28), (8, 29), (9, 0), (9, 1), (9, 2), (9, 3), (9, 4), (9, 5), (9, 6), (9, 7), (9, 8), (9, 9), (9, 10), (9, 11), (9, 12), (9, 13), (9, 14), (9, 15), (9, 16), (9, 17), (9, 18), (9, 19), (9, 20), (9, 21), (9, 22), (9, 23), (9, 24), (9, 25), (9, 26), (9, 27), (9, 28), (9, 29), (10, 0), (10, 1), (10, 2), (10, 3), (10, 4), (10, 5), (10, 6), (10, 7), (10, 8), (10, 9), (10, 10), (10, 11), (10, 12), (10, 13), (10, 14), (10, 15), (10, 16), (10, 17), (10, 18), (10, 19), (10, 20), (10, 21), (10, 22), (10, 23), (10, 24), (10, 25), (10, 26), (10, 27), (10, 28), (10, 29), (11, 0), (11, 1), (11, 2), (11, 3), (11, 4), (11, 5), (11, 6), (11, 7), (11, 8), (11, 9), (11, 10), (11, 11), (11, 12), (11, 13), (11, 14), (11, 15), (11, 16), (11, 17), (11, 18), (11, 19), (11, 20), (11, 21), (11, 22), (11, 23), (11, 24), (11, 25), (11, 26), (11, 27), (11, 28), (11, 29), (12, 0), (12, 1), (12, 2), (12, 3), (12, 4), (12, 5), (12, 6), (12, 7), (12, 8), (12, 9), (12, 10), (12, 11), (12, 12), (12, 13), (12, 14), (12, 15), (12, 16), (12, 17), (12, 18), (12, 19), (12, 20), (12, 21), (12, 22), (12, 23), (12, 24), (12, 25), (12, 26), (12, 27), (12, 28), (12, 29), (13, 0), (13, 1), (13, 2), (13, 3), (13, 4), (13, 5), (13, 6), (13, 7), (13, 8), (13, 9), (13, 10), (13, 11), (13, 12), (13, 13), (13, 14), (13, 15), (13, 16), (13, 17), (13, 18), (13, 19), (13, 20), (13, 21), (13, 22), (13, 23), (13, 24), (13, 25), (13, 26), (13, 27), (13, 28), (13, 29), (14, 0), (14, 1), (14, 2), (14, 3), (14, 4), (14, 5), (14, 6), (14, 7), (14, 8), (14, 9), (14, 10), (14, 11), (14, 12), (14, 13), (14, 14), (14, 15), (14, 16), (14, 17), (14, 18), (14, 19), (14, 20), (14, 21), (14, 22), (14, 23), (14, 24), (14, 25), (14, 26), (14, 27), (14, 28), (14, 29), (15, 0), (15, 1), (15, 2), (15, 3), (15, 4), (15, 5), (15, 6), (15, 7), (15, 8), (15, 9), (15, 10), (15, 11), (15, 12), (15, 13), (15, 14), (15, 15), (15, 16), (15, 17), (15, 18), (15, 19), (15, 20), (15, 21), (15, 22), (15, 23), (15, 24), (15, 25), (15, 26), (15, 27), (15, 28), (15, 29), (16, 0), (16, 1), (16, 2), (16, 3), (16, 4), (16, 5), (16, 6), (16, 7), (16, 8), (16, 9), (16, 10), (16, 11), (16, 12), (16, 13), (16, 14), (16, 15), (16, 16), (16, 17), (16, 18), (16, 19), (16, 20), (16, 21), (16, 22), (16, 23), (16, 24), (16, 25), (16, 26), (16, 27), (16, 28), (16, 29), (17, 0), (17, 1), (17, 2), (17, 3), (17, 4), (17, 5), (17, 6), (17, 7), (17, 8), (17, 9), (17, 10), (17, 11), (17, 12), (17, 13), (17, 14), (17, 15), (17, 16), (17, 17), (17, 18), (17, 19), (17, 20), (17, 21), (17, 22), (17, 23), (17, 24), (17, 25), (17, 26), (17, 27), (17, 28), (17, 29), (18, 0), (18, 1), (18, 2), (18, 3), (18, 4), (18, 5), (18, 6), (18, 7), (18, 8), (18, 9), (18, 10), (18, 11), (18, 12), (18, 13), (18, 14), (18, 15), (18, 16), (18, 17), (18, 18), (18, 19), (18, 20), (18, 21), (18, 22), (18, 23), (18, 24), (18, 25), (18, 26), (18, 27), (18, 28), (18, 29), (19, 0), (19, 1), (19, 2), (19, 3), (19, 4), (19, 5), (19, 6), (19, 7), (19, 8), (19, 9), (19, 10), (19, 11), (19, 12), (19, 13), (19, 14), (19, 15), (19, 16), (19, 17), (19, 18), (19, 19), (19, 20), (19, 21), (19, 22), (19, 23), (19, 24), (19, 25), (19, 26), (19, 27), (19, 28), (19, 29), (20, 0), (20, 1), (20, 2), (20, 3), (20, 4), (20, 5), (20, 6), (20, 7), (20, 8), (20, 9), (20, 10), (20, 11), (20, 12), (20, 13), (20, 14), (20, 15), (20, 16), (20, 17), (20, 18), (20, 19), (20, 20), (20, 21), (20, 22), (20, 23), (20, 24), (20, 25), (20, 26), (20, 27), (20, 28), (20, 29), (21, 0), (21, 1), (21, 2), (21, 3), (21, 4), (21, 5), (21, 6), (21, 7), (21, 8), (21, 9), (21, 10), (21, 11), (21, 12), (21, 13), (21, 14), (21, 15), (21, 16), (21, 17), (21, 18), (21, 19), (21, 20), (21, 21), (21, 22), (21, 23), (21, 24), (21, 25), (21, 26), (21, 27), (21, 28), (21, 29), (22, 0), (22, 1), (22, 2), (22, 3), (22, 4), (22, 5), (22, 6), (22, 7), (22, 8), (22, 9), (22, 10), (22, 11), (22, 12), (22, 13), (22, 14), (22, 15), (22, 16), (22, 17), (22, 18), (22, 19), (22, 20), (22, 21), (22, 22), (22, 23), (22, 24), (22, 25), (22, 26), (22, 27), (22, 28), (22, 29), (23, 0), (23, 1), (23, 2), (23, 3), (23, 4), (23, 5), (23, 6), (23, 7), (23, 8), (23, 9), (23, 10), (23, 11), (23, 12), (23, 13), (23, 14), (23, 15), (23, 16), (23, 17), (23, 18), (23, 19), (23, 20), (23, 21), (23, 22), (23, 23), (23, 24), (23, 25), (23, 26), (23, 27), (23, 28), (23, 29), (24, 0), (24, 1), (24, 2), (24, 3), (24, 4), (24, 5), (24, 6), (24, 7), (24, 8), (24, 9), (24, 10), (24, 11), (24, 12), (24, 13), (24, 14), (24, 15), (24, 16), (24, 17), (24, 18), (24, 19), (24, 20), (24, 21), (24, 22), (24, 23), (24, 24), (24, 25), (24, 26), (24, 27), (24, 28), (24, 29), (25, 0), (25, 1), (25, 2), (25, 3), (25, 4), (25, 5), (25, 6), (25, 7), (25, 8), (25, 9), (25, 10), (25, 11), (25, 12), (25, 13), (25, 14), (25, 15), (25, 16), (25, 17), (25, 18), (25, 19), (25, 20), (25, 21), (25, 22), (25, 23), (25, 24), (25, 25), (25, 26), (25, 27), (25, 28), (25, 29), (26, 0), (26, 1), (26, 2), (26, 3), (26, 4), (26, 5), (26, 6), (26, 7), (26, 8), (26, 9), (26, 10), (26, 11), (26, 12), (26, 13), (26, 14), (26, 15), (26, 16), (26, 17), (26, 18), (26, 19), (26, 20), (26, 21), (26, 22), (26, 23), (26, 24), (26, 25), (26, 26), (26, 27), (26, 28), (26, 29), (27, 0), (27, 1), (27, 2), (27, 3), (27, 4), (27, 5), (27, 6), (27, 7), (27, 8), (27, 9), (27, 10), (27, 11), (27, 12), (27, 13), (27, 14), (27, 15), (27, 16), (27, 17), (27, 18), (27, 19), (27, 20), (27, 21), (27, 22), (27, 23), (27, 24), (27, 25), (27, 26), (27, 27), (27, 28), (27, 29), (28, 0), (28, 1), (28, 2), (28, 3), (28, 4), (28, 5), (28, 6), (28, 7), (28, 8), (28, 9), (28, 10), (28, 11), (28, 12), (28, 13), (28, 14), (28, 15), (28, 16), (28, 17), (28, 18), (28, 19), (28, 20), (28, 21), (28, 22), (28, 23), (28, 24), (28, 25), (28, 26), (28, 27), (28, 28), (28, 29), (29, 0), (29, 1), (29, 2), (29, 3), (29, 4), (29, 5), (29, 6), (29, 7), (29, 8), (29, 9), (29, 10), (29, 11), (29, 12), (29, 13), (29, 14), (29, 15), (29, 16), (29, 17), (29, 18), (29, 19), (29, 20), (29, 21), (29, 22), (29, 23), (29, 24), (29, 25), (29, 26), (29, 27), (29, 28), (29, 29)]
[Population data] 
Average population per node = 10000.0 
Total population = 9000000.0

choice bool = 0 - uniform population (homogeneous network) 

[Initial configuration]
Node population 0: [ 9866 10069  9928 10082 10147  9930 10038  9775 10045  9913  9976  9916
 10039  9805  9988  9929 10026 10106 10012  9760  9951  9984 10001 10094
 10119  9962 10183  9952  9963 10227  9962  9903 10058 10136  9935  9883
  9986  9969 10057 10107  9907  9963  9939  9952 10082 10079 10066  9983
  9841  9904  9927  9984  9925 10206  9948 10086  9967 10121 10053 10200
 10108 10170  9934 10109  9797 10151 10024 10052 10068  9845 10173 10023
  9871  9837  9975  9947  9969  9731  9959  9888 10036  9897  9950 10182
  9996  9783 10082  9984  9906  9994 10048  9842  9993  9935  9942  9953
  9968 10003  9996  9791  9958 10085 10015 10111  9828  9906 10122  9846
  9951  9936  9920  9877  9865 10017  9961  9805  9861 10257 10022 10107
  9929 10246 10164 10075 10051 10070  9993 10040 10005 10016  9966 10135
  9952  9878  9956  9973 10018 10001  9946 10155  9995 10249  9956  9986
 10033  9812 10017 10208 10124  9977 10062 10000  9973  9981  9971 10002
 10113  9919 10009  9975  9921  9944  9980  9980 10129  9937  9940  9978
  9961 10110  9874 10130  9925  9989 10019  9861  9990 10066  9942 10042
 10063  9981  9919 10094 10132 10087  9928  9968 10129 10134  9766  9955
 10100  9867 10100  9896  9892  9980 10067  9847  9899 10068 10115  9856
  9941 10131  9996  9881 10011 10014 10014  9936 10035  9965  9913  9983
 10006  9826 10219  9947  9955  9811 10097 10060 10090 10019 10239  9962
 10019 10048  9985  9957 10008 10256  9968  9930  9972 10001  9920  9838
 10076  9911  9940  9881  9831 10096  9911 10009 10029 10009 10173  9780
 10172 10224 10056  9986 10129 10210  9965  9891 10018  9977  9897  9691
  9990 10176  9904 10232  9738  9730 10046 10000 10020 10112  9960  9909
  9910 10121 10098  9922  9991  9955  9849 10058  9997 10044 10066  9998
  9941  9779  9829  9878  9943  9954  9990  9997  9939 10057 10021  9944
  9975 10052 10097  9948  9903 10149 10184 10178 10192 10053 10043  9821
 10034  9874 10131 10045  9998 10037 10037  9920  9984 10040 10105 10035
 10003 10112  9911  9928  9912  9951  9808 10060 10067 10058  9928  9990
  9925  9808 10044 10045  9975  9899  9843 10092 10058  9976  9790 10081
 10024  9971 10011  9966  9870  9950  9992  9972 10299  9990  9988  9891
 10053  9987 10049  9913  9895 10184 10147 10017 10208  9995 10221  9981
  9879 10171  9887  9829 10119  9843  9937 10029 10070 10149 10021  9997
  9887 10098 10021  9935  9976  9848 10193  9926 10029  9866 10134  9946
 10039 10012  9952 10027  9907  9971 10053  9986  9807 10032  9965 10046
 10019 10109 10281 10124 10210  9999  9988 10017 10073  9895 10037  9897
  9956 10022 10026 10069  9932 10103 10007  9964  9989  9941 10150  9936
 10042  9882 10049  9942  9881  9961  9988  9905  9920 10003  9829 10031
 10029 10021  9905 10067  9932 10101 10138 10186 10074 10039  9966  9928
 10142 10018 10068  9898 10187  9964  9995  9993  9913  9996 10030  9866
 10118  9852  9901  9942 10045 10068  9884  9924 10057  9809 10045 10045
 10028 10116 10215  9998 10017 10042  9961  9860 10205  9957  9813 10053
 10103  9983 10047  9710 10079 10165 10054  9840 10004 10085 10163 10015
 10090 10011  9881  9976 10080  9901  9950  9929  9976  9918  9907  9970
 10047 10260 10145  9942  9968 10119  9908  9913  9911  9957 10079 10008
  9921  9765  9869  9998 10057 10021  9892  9969 10039 10104 10108  9871
  9898 10048  9880 10025 10076 10004 10124 10119  9896  9953  9981  9952
  9969  9900  9982  9956  9983  9902 10108 10013  9868  9884  9924 10182
 10031  9937  9986 10030  9971  9876 10113 10154 10045 10069  9923 10059
 10111  9950 10141  9989  9817  9814 10155  9888  9970  9990 10139  9868
 10088  9866  9935 10013  9908  9950 10009 10053  9991 10059  9948  9915
 10058 10067  9920  9829  9881  9902  9985  9971 10058  9793 10075 10179
  9867  9979 10082 10119  9922 10039  9810  9950  9920 10010  9981  9970
  9950  9996 10000 10081  9907  9965  9891 10023  9900 10160  9857  9915
 10089  9930 10106  9965 10176  9868  9945 10085 10154 10017 10103 10092
  9950  9973  9954 10015 10051 10037 10191 10082 10154  9986 10079 10105
  9962 10139  9981 10017 10033 10027 10000 10048 10195 10050 10118  9973
  9872 10037 10079  9989 10064 10019 10067  9915 10011  9974  9959 10015
 10042 10039  9997  9950 10152 10099  9980  9981  9956 10037 10006 10004
 10117  9961 10092  9919  9925  9859 10017 10061  9962 10052  9834 10088
 10051 10160 10092  9925  9984 10140 10012  9983  9976  9936 10046 10020
  9934 10006 10256  9990  9936  9901  9931  9962 10077  9999  9855  9922
  9768  9948 10015 10041 10054 10076  9977  9812  9945 10044 10065  9875
 10045 10104 10067 10089 10023  9961 10026 10035 10191  9972 10184 10094
 10227  9861  9924 10015 10146 10153 10084  9966 10176  9935 10020  9836
  9912  9841  9944 10160  9882 10019  9981  9829  9949  9920  9930 10011
 10044  9959 10195  9937 10110  9950 10096  9987 10024 10070  9869 10063
  9950 10007 10056 10017 10017 10070  9950 10184 10071 10039 10150  9999
 10047  9904  9835  9794  9824 10105 10212  9826  9973 10167  9977 10189
 10107 10086 10006 10008  9911 10032 10044  9946  9918 10008 10034 10021
 10066 10047 10095 10060 10094 10077 10011  9833 10007 10281 10028 10043
 10048 10023  9927 10008 10020 10005 10049 10029  9953 10087 10029  9970
  9854  9898  9970 10123 10057 10235  9903 10081  9989 10093 10035 10032
 10077  9896 10088 10037  9995  9948  9854 10046 10120  9878  9909 10023
  9987  9921  9928  9970 10167  9996  9790 10036  9879 10095  9994 10069
  9972  9818  9879 10042  9992 10023 10009  9875  9894 10229  9851 10220]

[Connectivity]
Strong connection = True
a = 0.2
b = 0.48360805024100295

[PF convergence]
rho0 = [0.00109622 0.00111878 0.00110311 0.00112022 0.00112744 0.00110333
 0.00111533 0.00108611 0.00111611 0.00110144 0.00110844 0.00110178
 0.00111544 0.00108944 0.00110978 0.00110322 0.001114   0.00112289
 0.00111244 0.00108444 0.00110567 0.00110933 0.00111122 0.00112156
 0.00112433 0.00110689 0.00113144 0.00110578 0.001107   0.00113633
 0.00110689 0.00110033 0.00111756 0.00112622 0.00110389 0.00109811
 0.00110956 0.00110767 0.00111744 0.001123   0.00110078 0.001107
 0.00110433 0.00110578 0.00112022 0.00111989 0.00111844 0.00110922
 0.00109344 0.00110044 0.001103   0.00110933 0.00110278 0.001134
 0.00110533 0.00112067 0.00110744 0.00112456 0.001117   0.00113333
 0.00112311 0.00113    0.00110378 0.00112322 0.00108856 0.00112789
 0.00111378 0.00111689 0.00111867 0.00109389 0.00113033 0.00111367
 0.00109678 0.001093   0.00110833 0.00110522 0.00110767 0.00108122
 0.00110656 0.00109867 0.00111511 0.00109967 0.00110556 0.00113133
 0.00111067 0.001087   0.00112022 0.00110933 0.00110067 0.00111044
 0.00111644 0.00109356 0.00111033 0.00110389 0.00110467 0.00110589
 0.00110756 0.00111144 0.00111067 0.00108789 0.00110644 0.00112056
 0.00111278 0.00112344 0.001092   0.00110067 0.00112467 0.001094
 0.00110567 0.001104   0.00110222 0.00109744 0.00109611 0.001113
 0.00110678 0.00108944 0.00109567 0.00113967 0.00111356 0.001123
 0.00110322 0.00113844 0.00112933 0.00111944 0.00111678 0.00111889
 0.00111033 0.00111556 0.00111167 0.00111289 0.00110733 0.00112611
 0.00110578 0.00109756 0.00110622 0.00110811 0.00111311 0.00111122
 0.00110511 0.00112833 0.00111056 0.00113878 0.00110622 0.00110956
 0.00111478 0.00109022 0.001113   0.00113422 0.00112489 0.00110856
 0.001118   0.00111111 0.00110811 0.001109   0.00110789 0.00111133
 0.00112367 0.00110211 0.00111211 0.00110833 0.00110233 0.00110489
 0.00110889 0.00110889 0.00112544 0.00110411 0.00110444 0.00110867
 0.00110678 0.00112333 0.00109711 0.00112556 0.00110278 0.00110989
 0.00111322 0.00109567 0.00111    0.00111844 0.00110467 0.00111578
 0.00111811 0.001109   0.00110211 0.00112156 0.00112578 0.00112078
 0.00110311 0.00110756 0.00112544 0.001126   0.00108511 0.00110611
 0.00112222 0.00109633 0.00112222 0.00109956 0.00109911 0.00110889
 0.00111856 0.00109411 0.00109989 0.00111867 0.00112389 0.00109511
 0.00110456 0.00112567 0.00111067 0.00109789 0.00111233 0.00111267
 0.00111267 0.001104   0.001115   0.00110722 0.00110144 0.00110922
 0.00111178 0.00109178 0.00113544 0.00110522 0.00110611 0.00109011
 0.00112189 0.00111778 0.00112111 0.00111322 0.00113767 0.00110689
 0.00111322 0.00111644 0.00110944 0.00110633 0.001112   0.00113956
 0.00110756 0.00110333 0.001108   0.00111122 0.00110222 0.00109311
 0.00111956 0.00110122 0.00110444 0.00109789 0.00109233 0.00112178
 0.00110122 0.00111211 0.00111433 0.00111211 0.00113033 0.00108667
 0.00113022 0.001136   0.00111733 0.00110956 0.00112544 0.00113444
 0.00110722 0.001099   0.00111311 0.00110856 0.00109967 0.00107678
 0.00111    0.00113067 0.00110044 0.00113689 0.001082   0.00108111
 0.00111622 0.00111111 0.00111333 0.00112356 0.00110667 0.001101
 0.00110111 0.00112456 0.001122   0.00110244 0.00111011 0.00110611
 0.00109433 0.00111756 0.00111078 0.001116   0.00111844 0.00111089
 0.00110456 0.00108656 0.00109211 0.00109756 0.00110478 0.001106
 0.00111    0.00111078 0.00110433 0.00111744 0.00111344 0.00110489
 0.00110833 0.00111689 0.00112189 0.00110533 0.00110033 0.00112767
 0.00113156 0.00113089 0.00113244 0.001117   0.00111589 0.00109122
 0.00111489 0.00109711 0.00112567 0.00111611 0.00111089 0.00111522
 0.00111522 0.00110222 0.00110933 0.00111556 0.00112278 0.001115
 0.00111144 0.00112356 0.00110122 0.00110311 0.00110133 0.00110567
 0.00108978 0.00111778 0.00111856 0.00111756 0.00110311 0.00111
 0.00110278 0.00108978 0.001116   0.00111611 0.00110833 0.00109989
 0.00109367 0.00112133 0.00111756 0.00110844 0.00108778 0.00112011
 0.00111378 0.00110789 0.00111233 0.00110733 0.00109667 0.00110556
 0.00111022 0.001108   0.00114433 0.00111    0.00110978 0.001099
 0.001117   0.00110967 0.00111656 0.00110144 0.00109944 0.00113156
 0.00112744 0.001113   0.00113422 0.00111056 0.00113567 0.001109
 0.00109767 0.00113011 0.00109856 0.00109211 0.00112433 0.00109367
 0.00110411 0.00111433 0.00111889 0.00112767 0.00111344 0.00111078
 0.00109856 0.001122   0.00111344 0.00110389 0.00110844 0.00109422
 0.00113256 0.00110289 0.00111433 0.00109622 0.001126   0.00110511
 0.00111544 0.00111244 0.00110578 0.00111411 0.00110078 0.00110789
 0.001117   0.00110956 0.00108967 0.00111467 0.00110722 0.00111622
 0.00111322 0.00112322 0.00114233 0.00112489 0.00113444 0.001111
 0.00110978 0.001113   0.00111922 0.00109944 0.00111522 0.00109967
 0.00110622 0.00111356 0.001114   0.00111878 0.00110356 0.00112256
 0.00111189 0.00110711 0.00110989 0.00110456 0.00112778 0.001104
 0.00111578 0.001098   0.00111656 0.00110467 0.00109789 0.00110678
 0.00110978 0.00110056 0.00110222 0.00111144 0.00109211 0.00111456
 0.00111433 0.00111344 0.00110056 0.00111856 0.00110356 0.00112233
 0.00112644 0.00113178 0.00111933 0.00111544 0.00110733 0.00110311
 0.00112689 0.00111311 0.00111867 0.00109978 0.00113189 0.00110711
 0.00111056 0.00111033 0.00110144 0.00111067 0.00111444 0.00109622
 0.00112422 0.00109467 0.00110011 0.00110467 0.00111611 0.00111867
 0.00109822 0.00110267 0.00111744 0.00108989 0.00111611 0.00111611
 0.00111422 0.001124   0.001135   0.00111089 0.001113   0.00111578
 0.00110678 0.00109556 0.00113389 0.00110633 0.00109033 0.001117
 0.00112256 0.00110922 0.00111633 0.00107889 0.00111989 0.00112944
 0.00111711 0.00109333 0.00111156 0.00112056 0.00112922 0.00111278
 0.00112111 0.00111233 0.00109789 0.00110844 0.00112    0.00110011
 0.00110556 0.00110322 0.00110844 0.001102   0.00110078 0.00110778
 0.00111633 0.00114    0.00112722 0.00110467 0.00110756 0.00112433
 0.00110089 0.00110144 0.00110122 0.00110633 0.00111989 0.001112
 0.00110233 0.001085   0.00109656 0.00111089 0.00111744 0.00111344
 0.00109911 0.00110767 0.00111544 0.00112267 0.00112311 0.00109678
 0.00109978 0.00111644 0.00109778 0.00111389 0.00111956 0.00111156
 0.00112489 0.00112433 0.00109956 0.00110589 0.001109   0.00110578
 0.00110767 0.0011     0.00110911 0.00110622 0.00110922 0.00110022
 0.00112311 0.00111256 0.00109644 0.00109822 0.00110267 0.00113133
 0.00111456 0.00110411 0.00110956 0.00111444 0.00110789 0.00109733
 0.00112367 0.00112822 0.00111611 0.00111878 0.00110256 0.00111767
 0.00112344 0.00110556 0.00112678 0.00110989 0.00109078 0.00109044
 0.00112833 0.00109867 0.00110778 0.00111    0.00112656 0.00109644
 0.00112089 0.00109622 0.00110389 0.00111256 0.00110089 0.00110556
 0.00111211 0.001117   0.00111011 0.00111767 0.00110533 0.00110167
 0.00111756 0.00111856 0.00110222 0.00109211 0.00109789 0.00110022
 0.00110944 0.00110789 0.00111756 0.00108811 0.00111944 0.001131
 0.00109633 0.00110878 0.00112022 0.00112433 0.00110244 0.00111544
 0.00109    0.00110556 0.00110222 0.00111222 0.001109   0.00110778
 0.00110556 0.00111067 0.00111111 0.00112011 0.00110078 0.00110722
 0.001099   0.00111367 0.0011     0.00112889 0.00109522 0.00110167
 0.001121   0.00110333 0.00112289 0.00110722 0.00113067 0.00109644
 0.001105   0.00112056 0.00112822 0.001113   0.00112256 0.00112133
 0.00110556 0.00110811 0.001106   0.00111278 0.00111678 0.00111522
 0.00113233 0.00112022 0.00112822 0.00110956 0.00111989 0.00112278
 0.00110689 0.00112656 0.001109   0.001113   0.00111478 0.00111411
 0.00111111 0.00111644 0.00113278 0.00111667 0.00112422 0.00110811
 0.00109689 0.00111522 0.00111989 0.00110989 0.00111822 0.00111322
 0.00111856 0.00110167 0.00111233 0.00110822 0.00110656 0.00111278
 0.00111578 0.00111544 0.00111078 0.00110556 0.001128   0.00112211
 0.00110889 0.001109   0.00110622 0.00111522 0.00111178 0.00111156
 0.00112411 0.00110678 0.00112133 0.00110211 0.00110278 0.00109544
 0.001113   0.00111789 0.00110689 0.00111689 0.00109267 0.00112089
 0.00111678 0.00112889 0.00112133 0.00110278 0.00110933 0.00112667
 0.00111244 0.00110922 0.00110844 0.001104   0.00111622 0.00111333
 0.00110378 0.00111178 0.00113956 0.00111    0.001104   0.00110011
 0.00110344 0.00110689 0.00111967 0.001111   0.001095   0.00110244
 0.00108533 0.00110533 0.00111278 0.00111567 0.00111711 0.00111956
 0.00110856 0.00109022 0.001105   0.001116   0.00111833 0.00109722
 0.00111611 0.00112267 0.00111856 0.001121   0.00111367 0.00110678
 0.001114   0.001115   0.00113233 0.001108   0.00113156 0.00112156
 0.00113633 0.00109567 0.00110267 0.00111278 0.00112733 0.00112811
 0.00112044 0.00110733 0.00113067 0.00110389 0.00111333 0.00109289
 0.00110133 0.00109344 0.00110489 0.00112889 0.001098   0.00111322
 0.001109   0.00109211 0.00110544 0.00110222 0.00110333 0.00111233
 0.001116   0.00110656 0.00113278 0.00110411 0.00112333 0.00110556
 0.00112178 0.00110967 0.00111378 0.00111889 0.00109656 0.00111811
 0.00110556 0.00111189 0.00111733 0.001113   0.001113   0.00111889
 0.00110556 0.00113156 0.001119   0.00111544 0.00112778 0.001111
 0.00111633 0.00110044 0.00109278 0.00108822 0.00109156 0.00112278
 0.00113467 0.00109178 0.00110811 0.00112967 0.00110856 0.00113211
 0.001123   0.00112067 0.00111178 0.001112   0.00110122 0.00111467
 0.001116   0.00110511 0.001102   0.001112   0.00111489 0.00111344
 0.00111844 0.00111633 0.00112167 0.00111778 0.00112156 0.00111967
 0.00111233 0.00109256 0.00111189 0.00114233 0.00111422 0.00111589
 0.00111644 0.00111367 0.001103   0.001112   0.00111333 0.00111167
 0.00111656 0.00111433 0.00110589 0.00112078 0.00111433 0.00110778
 0.00109489 0.00109978 0.00110778 0.00112478 0.00111744 0.00113722
 0.00110033 0.00112011 0.00110989 0.00112144 0.001115   0.00111467
 0.00111967 0.00109956 0.00112089 0.00111522 0.00111056 0.00110533
 0.00109489 0.00111622 0.00112444 0.00109756 0.001101   0.00111367
 0.00110967 0.00110233 0.00110311 0.00110778 0.00112967 0.00111067
 0.00108778 0.00111511 0.00109767 0.00112167 0.00111044 0.00111878
 0.001108   0.00109089 0.00109767 0.00111578 0.00111022 0.00111367
 0.00111211 0.00109722 0.00109933 0.00113656 0.00109456 0.00113556]
k_list = [   1    5   10   20   50  100  200  500 1000]
diff_list = [2.37675371e+01 1.22754175e+01 6.97758810e+00 3.06027641e+00
 5.97997697e-01 9.58533559e-02 5.02211030e-03 5.05172289e-05
 5.04956203e-05]

[Input degrees]
in_degrees = [13, 16, 20, 7, 16, 12, 20, 10, 13, 17, 13, 16, 13, 17, 12, 21, 17, 12, 13, 11, 14, 13, 13, 13, 14, 15, 9, 12, 19, 14, 15, 5, 19, 8, 18, 13, 24, 16, 7, 12, 20, 16, 8, 14, 25, 17, 19, 19, 14, 11, 19, 17, 11, 11, 14, 11, 13, 13, 18, 20, 11, 12, 13, 17, 12, 19, 20, 17, 19, 17, 18, 12, 19, 16, 20, 16, 17, 12, 24, 13, 16, 13, 19, 19, 17, 18, 19, 14, 18, 17, 13, 17, 14, 17, 15, 12, 27, 16, 17, 19, 15, 14, 18, 26, 19, 19, 16, 24, 12, 16, 24, 15, 17, 17, 19, 13, 13, 19, 14, 12, 12, 13, 23, 23, 18, 14, 10, 23, 19, 22, 14, 17, 16, 19, 17, 16, 26, 22, 16, 25, 25, 15, 21, 27, 19, 20, 16, 13, 19, 14, 11, 13, 18, 9, 15, 26, 18, 10, 23, 17, 24, 22, 19, 21, 10, 17, 16, 21, 16, 16, 20, 19, 17, 15, 27, 15, 18, 28, 15, 14, 11, 17, 8, 17, 13, 10, 27, 12, 25, 15, 13, 18, 19, 17, 19, 22, 15, 25, 19, 21, 30, 13, 24, 20, 18, 21, 21, 20, 13, 18, 17, 13, 14, 10, 16, 15, 15, 23, 9, 20, 21, 23, 12, 16, 18, 25, 19, 19, 19, 17, 17, 32, 17, 17, 19, 22, 19, 17, 15, 12, 20, 15, 15, 13, 15, 14, 17, 23, 17, 21, 22, 21, 23, 17, 25, 20, 22, 27, 20, 17, 17, 24, 13, 13, 13, 20, 17, 20, 13, 18, 23, 13, 11, 17, 12, 16, 15, 21, 31, 15, 23, 30, 21, 15, 18, 22, 18, 16, 19, 21, 17, 23, 22, 18, 18, 17, 11, 20, 14, 18, 19, 18, 15, 22, 16, 13, 24, 29, 19, 12, 18, 23, 11, 15, 25, 21, 22, 21, 24, 24, 21, 25, 17, 11, 24, 15, 16, 17, 19, 9, 7, 14, 18, 19, 16, 12, 22, 25, 14, 25, 11, 28, 17, 18, 13, 20, 20, 21, 14, 13, 23, 12, 21, 24, 20, 20, 19, 14, 17, 27, 12, 19, 22, 24, 11, 19, 22, 20, 20, 25, 14, 26, 19, 11, 18, 24, 25, 19, 14, 27, 21, 19, 18, 13, 17, 23, 18, 22, 15, 15, 19, 18, 13, 18, 19, 20, 23, 19, 26, 20, 18, 15, 14, 28, 19, 17, 17, 20, 16, 17, 28, 17, 24, 18, 16, 24, 14, 19, 15, 16, 10, 14, 21, 13, 17, 22, 22, 17, 19, 19, 20, 20, 27, 20, 16, 23, 23, 18, 28, 18, 27, 21, 18, 13, 23, 26, 18, 22, 15, 16, 17, 14, 10, 17, 19, 20, 22, 16, 25, 19, 25, 20, 18, 25, 19, 27, 22, 22, 17, 13, 16, 21, 17, 13, 16, 14, 18, 16, 13, 15, 15, 10, 24, 20, 12, 14, 15, 18, 22, 17, 23, 18, 28, 29, 22, 25, 16, 20, 18, 19, 19, 21, 16, 26, 20, 20, 15, 12, 16, 11, 12, 13, 18, 16, 20, 20, 11, 26, 19, 16, 29, 25, 24, 26, 17, 24, 18, 20, 19, 25, 28, 22, 8, 24, 16, 21, 20, 14, 22, 10, 19, 16, 19, 13, 13, 18, 23, 20, 19, 24, 26, 19, 18, 19, 23, 22, 20, 26, 23, 23, 23, 23, 22, 19, 23, 23, 21, 22, 9, 18, 17, 19, 16, 20, 23, 20, 16, 22, 16, 16, 17, 17, 20, 21, 24, 16, 19, 17, 22, 21, 20, 20, 19, 25, 20, 22, 23, 18, 18, 10, 15, 17, 16, 12, 24, 23, 18, 24, 24, 21, 18, 22, 24, 30, 11, 30, 13, 12, 17, 16, 14, 17, 20, 15, 13, 23, 17, 15, 18, 23, 11, 16, 21, 22, 17, 17, 17, 21, 21, 22, 18, 21, 21, 18, 26, 22, 23, 18, 20, 21, 22, 26, 24, 12, 18, 23, 18, 18, 10, 16, 12, 21, 24, 14, 18, 19, 18, 15, 21, 13, 21, 22, 19, 18, 28, 19, 22, 16, 22, 24, 23, 22, 19, 18, 18, 15, 14, 16, 16, 11, 17, 13, 12, 17, 18, 20, 11, 13, 14, 20, 17, 25, 17, 21, 21, 30, 15, 25, 25, 18, 18, 21, 25, 27, 21, 11, 19, 22, 20, 16, 18, 11, 11, 19, 20, 15, 28, 16, 19, 23, 21, 18, 20, 18, 24, 16, 19, 24, 18, 15, 22, 23, 14, 14, 14, 17, 20, 21, 21, 11, 13, 14, 15, 17, 14, 21, 25, 18, 17, 21, 17, 14, 25, 25, 17, 16, 15, 19, 18, 20, 12, 17, 20, 24, 17, 21, 11, 12, 26, 15, 11, 14, 18, 18, 18, 26, 21, 17, 11, 14, 18, 22, 13, 26, 19, 10, 24, 15, 16, 15, 18, 16, 18, 14, 20, 17, 15, 13, 21, 17, 16, 16, 13, 14, 17, 23, 12, 12, 14, 18, 17, 18, 19, 18, 18, 12, 14, 12, 21, 14, 23, 17, 22, 19, 15, 15, 11, 20, 10, 15, 15, 10, 13, 12, 15, 15, 15, 15, 18, 20, 18, 9, 12, 14, 20, 13, 22, 16, 18, 15, 16, 11, 10, 16, 19, 17, 16, 19, 15, 22, 11, 13, 9, 13, 16, 16, 18, 16, 15, 13, 14, 14, 11, 14, 18, 13, 10, 9, 11, 12, 10, 8, 12, 16, 16, 11, 11, 17, 11, 10]