 ---------------------------------------------

              TOPOLOGY FILE - v1      

      Author : Teresa Dalle Nogare
      Date :2023-11-16

 ---------------------------------------------

[Nodes] 
N_row = 10, N_col = 10, N = N_row x N_col = 100 
Position of nodes = [(0, 0), (0, 1), (0, 2), (0, 3), (0, 4), (0, 5), (0, 6), (0, 7), (0, 8), (0, 9), (1, 0), (1, 1), (1, 2), (1, 3), (1, 4), (1, 5), (1, 6), (1, 7), (1, 8), (1, 9), (2, 0), (2, 1), (2, 2), (2, 3), (2, 4), (2, 5), (2, 6), (2, 7), (2, 8), (2, 9), (3, 0), (3, 1), (3, 2), (3, 3), (3, 4), (3, 5), (3, 6), (3, 7), (3, 8), (3, 9), (4, 0), (4, 1), (4, 2), (4, 3), (4, 4), (4, 5), (4, 6), (4, 7), (4, 8), (4, 9), (5, 0), (5, 1), (5, 2), (5, 3), (5, 4), (5, 5), (5, 6), (5, 7), (5, 8), (5, 9), (6, 0), (6, 1), (6, 2), (6, 3), (6, 4), (6, 5), (6, 6), (6, 7), (6, 8), (6, 9), (7, 0), (7, 1), (7, 2), (7, 3), (7, 4), (7, 5), (7, 6), (7, 7), (7, 8), (7, 9), (8, 0), (8, 1), (8, 2), (8, 3), (8, 4), (8, 5), (8, 6), (8, 7), (8, 8), (8, 9), (9, 0), (9, 1), (9, 2), (9, 3), (9, 4), (9, 5), (9, 6), (9, 7), (9, 8), (9, 9)]
[Population data] 
Average population per node = 10000.0 
Total population = 1000000.0

choice bool = 1 - non uniform population (heterogeneous network) 
number of fixed nodes = 20
Index fixed nodes = [94, 49, 95, 70, 48, 21, 50, 90, 86, 59, 96, 78, 30, 87, 41, 51, 38, 54, 79, 91]
percentage of population in fixed nodes = 30

[Initial configuration]
Node population 0: [ 9011  8742  8672  8804  8682  8679  8736  8604  8651  8787  8674  8662
  8727  8802  8695  8842  8767  8657  8778  8953  8767 15081  8641  8704
  8789  8721  8747  8643  8858  8801 15123  8706  8704  8868  8695  8704
  8663  8716 15374  8709  8896 15046  8649  8744  8676  8794  8786  8762
 14974 14922 14894 15194  8804  8733 15028  8754  8767  8744  8538 14744
  8825  8868  8910  8794  8606  8818  8780  8904  8706  8794 14841  8859
  8681  8832  8487  8681  8774  8682 14976 15102  8843  8846  8671  8816
  8768  8632 14942 14839  8685  8895 15167 14772  8735  8831 15008 14845
 15128  8711  8632  8926]

[Connectivity]
Strong connection = True
a = 0.2
b = 0.9048374180359595

[PF convergence]
rho0 = [0.009011 0.008742 0.008672 0.008804 0.008682 0.008679 0.008736 0.008604
 0.008651 0.008787 0.008674 0.008662 0.008727 0.008802 0.008695 0.008842
 0.008767 0.008657 0.008778 0.008953 0.008767 0.015081 0.008641 0.008704
 0.008789 0.008721 0.008747 0.008643 0.008858 0.008801 0.015123 0.008706
 0.008704 0.008868 0.008695 0.008704 0.008663 0.008716 0.015374 0.008709
 0.008896 0.015046 0.008649 0.008744 0.008676 0.008794 0.008786 0.008762
 0.014974 0.014922 0.014894 0.015194 0.008804 0.008733 0.015028 0.008754
 0.008767 0.008744 0.008538 0.014744 0.008825 0.008868 0.00891  0.008794
 0.008606 0.008818 0.00878  0.008904 0.008706 0.008794 0.014841 0.008859
 0.008681 0.008832 0.008487 0.008681 0.008774 0.008682 0.014976 0.015102
 0.008843 0.008846 0.008671 0.008816 0.008768 0.008632 0.014942 0.014839
 0.008685 0.008895 0.015167 0.014772 0.008735 0.008831 0.015008 0.014845
 0.015128 0.008711 0.008632 0.008926]
k_list = [   1    5   10   20   50  100  200  500 1000]
diff_list = [7.77374872 5.10296037 3.95713206 3.0007206  2.27225354 2.11687061
 2.09436937 2.09344687 2.09344861]

[Input degrees]
in_degrees = [6, 3, 5, 5, 4, 5, 4, 5, 4, 3, 4, 3, 10, 3, 6, 7, 6, 4, 4, 4, 3, 5, 5, 3, 5, 6, 6, 6, 4, 6, 7, 5, 3, 4, 8, 3, 6, 5, 8, 4, 4, 4, 6, 6, 7, 3, 2, 4, 6, 4, 4, 9, 6, 4, 9, 4, 2, 5, 5, 5, 4, 7, 7, 4, 2, 7, 4, 3, 7, 6, 3, 3, 5, 5, 6, 3, 5, 7, 7, 6, 3, 4, 5, 3, 7, 6, 4, 4, 7, 3, 8, 7, 2, 7, 2, 6, 4, 5, 4, 2]