 ---------------------------------------------

              TOPOLOGY FILE - v1      

      Author : Teresa Dalle Nogare
      Date :2023-11-16

 ---------------------------------------------

[Nodes] 
N_row = 30, N_col = 30, N = N_row x N_col = 900 
Position of nodes = [(0, 0), (0, 1), (0, 2), (0, 3), (0, 4), (0, 5), (0, 6), (0, 7), (0, 8), (0, 9), (0, 10), (0, 11), (0, 12), (0, 13), (0, 14), (0, 15), (0, 16), (0, 17), (0, 18), (0, 19), (0, 20), (0, 21), (0, 22), (0, 23), (0, 24), (0, 25), (0, 26), (0, 27), (0, 28), (0, 29), (1, 0), (1, 1), (1, 2), (1, 3), (1, 4), (1, 5), (1, 6), (1, 7), (1, 8), (1, 9), (1, 10), (1, 11), (1, 12), (1, 13), (1, 14), (1, 15), (1, 16), (1, 17), (1, 18), (1, 19), (1, 20), (1, 21), (1, 22), (1, 23), (1, 24), (1, 25), (1, 26), (1, 27), (1, 28), (1, 29), (2, 0), (2, 1), (2, 2), (2, 3), (2, 4), (2, 5), (2, 6), (2, 7), (2, 8), (2, 9), (2, 10), (2, 11), (2, 12), (2, 13), (2, 14), (2, 15), (2, 16), (2, 17), (2, 18), (2, 19), (2, 20), (2, 21), (2, 22), (2, 23), (2, 24), (2, 25), (2, 26), (2, 27), (2, 28), (2, 29), (3, 0), (3, 1), (3, 2), (3, 3), (3, 4), (3, 5), (3, 6), (3, 7), (3, 8), (3, 9), (3, 10), (3, 11), (3, 12), (3, 13), (3, 14), (3, 15), (3, 16), (3, 17), (3, 18), (3, 19), (3, 20), (3, 21), (3, 22), (3, 23), (3, 24), (3, 25), (3, 26), (3, 27), (3, 28), (3, 29), (4, 0), (4, 1), (4, 2), (4, 3), (4, 4), (4, 5), (4, 6), (4, 7), (4, 8), (4, 9), (4, 10), (4, 11), (4, 12), (4, 13), (4, 14), (4, 15), (4, 16), (4, 17), (4, 18), (4, 19), (4, 20), (4, 21), (4, 22), (4, 23), (4, 24), (4, 25), (4, 26), (4, 27), (4, 28), (4, 29), (5, 0), (5, 1), (5, 2), (5, 3), (5, 4), (5, 5), (5, 6), (5, 7), (5, 8), (5, 9), (5, 10), (5, 11), (5, 12), (5, 13), (5, 14), (5, 15), (5, 16), (5, 17), (5, 18), (5, 19), (5, 20), (5, 21), (5, 22), (5, 23), (5, 24), (5, 25), (5, 26), (5, 27), (5, 28), (5, 29), (6, 0), (6, 1), (6, 2), (6, 3), (6, 4), (6, 5), (6, 6), (6, 7), (6, 8), (6, 9), (6, 10), (6, 11), (6, 12), (6, 13), (6, 14), (6, 15), (6, 16), (6, 17), (6, 18), (6, 19), (6, 20), (6, 21), (6, 22), (6, 23), (6, 24), (6, 25), (6, 26), (6, 27), (6, 28), (6, 29), (7, 0), (7, 1), (7, 2), (7, 3), (7, 4), (7, 5), (7, 6), (7, 7), (7, 8), (7, 9), (7, 10), (7, 11), (7, 12), (7, 13), (7, 14), (7, 15), (7, 16), (7, 17), (7, 18), (7, 19), (7, 20), (7, 21), (7, 22), (7, 23), (7, 24), (7, 25), (7, 26), (7, 27), (7, 28), (7, 29), (8, 0), (8, 1), (8, 2), (8, 3), (8, 4), (8, 5), (8, 6), (8, 7), (8, 8), (8, 9), (8, 10), (8, 11), (8, 12), (8, 13), (8, 14), (8, 15), (8, 16), (8, 17), (8, 18), (8, 19), (8, 20), (8, 21), (8, 22), (8, 23), (8, 24), (8, 25), (8, 26), (8, 27), (8, 28), (8, 29), (9, 0), (9, 1), (9, 2), (9, 3), (9, 4), (9, 5), (9, 6), (9, 7), (9, 8), (9, 9), (9, 10), (9, 11), (9, 12), (9, 13), (9, 14), (9, 15), (9, 16), (9, 17), (9, 18), (9, 19), (9, 20), (9, 21), (9, 22), (9, 23), (9, 24), (9, 25), (9, 26), (9, 27), (9, 28), (9, 29), (10, 0), (10, 1), (10, 2), (10, 3), (10, 4), (10, 5), (10, 6), (10, 7), (10, 8), (10, 9), (10, 10), (10, 11), (10, 12), (10, 13), (10, 14), (10, 15), (10, 16), (10, 17), (10, 18), (10, 19), (10, 20), (10, 21), (10, 22), (10, 23), (10, 24), (10, 25), (10, 26), (10, 27), (10, 28), (10, 29), (11, 0), (11, 1), (11, 2), (11, 3), (11, 4), (11, 5), (11, 6), (11, 7), (11, 8), (11, 9), (11, 10), (11, 11), (11, 12), (11, 13), (11, 14), (11, 15), (11, 16), (11, 17), (11, 18), (11, 19), (11, 20), (11, 21), (11, 22), (11, 23), (11, 24), (11, 25), (11, 26), (11, 27), (11, 28), (11, 29), (12, 0), (12, 1), (12, 2), (12, 3), (12, 4), (12, 5), (12, 6), (12, 7), (12, 8), (12, 9), (12, 10), (12, 11), (12, 12), (12, 13), (12, 14), (12, 15), (12, 16), (12, 17), (12, 18), (12, 19), (12, 20), (12, 21), (12, 22), (12, 23), (12, 24), (12, 25), (12, 26), (12, 27), (12, 28), (12, 29), (13, 0), (13, 1), (13, 2), (13, 3), (13, 4), (13, 5), (13, 6), (13, 7), (13, 8), (13, 9), (13, 10), (13, 11), (13, 12), (13, 13), (13, 14), (13, 15), (13, 16), (13, 17), (13, 18), (13, 19), (13, 20), (13, 21), (13, 22), (13, 23), (13, 24), (13, 25), (13, 26), (13, 27), (13, 28), (13, 29), (14, 0), (14, 1), (14, 2), (14, 3), (14, 4), (14, 5), (14, 6), (14, 7), (14, 8), (14, 9), (14, 10), (14, 11), (14, 12), (14, 13), (14, 14), (14, 15), (14, 16), (14, 17), (14, 18), (14, 19), (14, 20), (14, 21), (14, 22), (14, 23), (14, 24), (14, 25), (14, 26), (14, 27), (14, 28), (14, 29), (15, 0), (15, 1), (15, 2), (15, 3), (15, 4), (15, 5), (15, 6), (15, 7), (15, 8), (15, 9), (15, 10), (15, 11), (15, 12), (15, 13), (15, 14), (15, 15), (15, 16), (15, 17), (15, 18), (15, 19), (15, 20), (15, 21), (15, 22), (15, 23), (15, 24), (15, 25), (15, 26), (15, 27), (15, 28), (15, 29), (16, 0), (16, 1), (16, 2), (16, 3), (16, 4), (16, 5), (16, 6), (16, 7), (16, 8), (16, 9), (16, 10), (16, 11), (16, 12), (16, 13), (16, 14), (16, 15), (16, 16), (16, 17), (16, 18), (16, 19), (16, 20), (16, 21), (16, 22), (16, 23), (16, 24), (16, 25), (16, 26), (16, 27), (16, 28), (16, 29), (17, 0), (17, 1), (17, 2), (17, 3), (17, 4), (17, 5), (17, 6), (17, 7), (17, 8), (17, 9), (17, 10), (17, 11), (17, 12), (17, 13), (17, 14), (17, 15), (17, 16), (17, 17), (17, 18), (17, 19), (17, 20), (17, 21), (17, 22), (17, 23), (17, 24), (17, 25), (17, 26), (17, 27), (17, 28), (17, 29), (18, 0), (18, 1), (18, 2), (18, 3), (18, 4), (18, 5), (18, 6), (18, 7), (18, 8), (18, 9), (18, 10), (18, 11), (18, 12), (18, 13), (18, 14), (18, 15), (18, 16), (18, 17), (18, 18), (18, 19), (18, 20), (18, 21), (18, 22), (18, 23), (18, 24), (18, 25), (18, 26), (18, 27), (18, 28), (18, 29), (19, 0), (19, 1), (19, 2), (19, 3), (19, 4), (19, 5), (19, 6), (19, 7), (19, 8), (19, 9), (19, 10), (19, 11), (19, 12), (19, 13), (19, 14), (19, 15), (19, 16), (19, 17), (19, 18), (19, 19), (19, 20), (19, 21), (19, 22), (19, 23), (19, 24), (19, 25), (19, 26), (19, 27), (19, 28), (19, 29), (20, 0), (20, 1), (20, 2), (20, 3), (20, 4), (20, 5), (20, 6), (20, 7), (20, 8), (20, 9), (20, 10), (20, 11), (20, 12), (20, 13), (20, 14), (20, 15), (20, 16), (20, 17), (20, 18), (20, 19), (20, 20), (20, 21), (20, 22), (20, 23), (20, 24), (20, 25), (20, 26), (20, 27), (20, 28), (20, 29), (21, 0), (21, 1), (21, 2), (21, 3), (21, 4), (21, 5), (21, 6), (21, 7), (21, 8), (21, 9), (21, 10), (21, 11), (21, 12), (21, 13), (21, 14), (21, 15), (21, 16), (21, 17), (21, 18), (21, 19), (21, 20), (21, 21), (21, 22), (21, 23), (21, 24), (21, 25), (21, 26), (21, 27), (21, 28), (21, 29), (22, 0), (22, 1), (22, 2), (22, 3), (22, 4), (22, 5), (22, 6), (22, 7), (22, 8), (22, 9), (22, 10), (22, 11), (22, 12), (22, 13), (22, 14), (22, 15), (22, 16), (22, 17), (22, 18), (22, 19), (22, 20), (22, 21), (22, 22), (22, 23), (22, 24), (22, 25), (22, 26), (22, 27), (22, 28), (22, 29), (23, 0), (23, 1), (23, 2), (23, 3), (23, 4), (23, 5), (23, 6), (23, 7), (23, 8), (23, 9), (23, 10), (23, 11), (23, 12), (23, 13), (23, 14), (23, 15), (23, 16), (23, 17), (23, 18), (23, 19), (23, 20), (23, 21), (23, 22), (23, 23), (23, 24), (23, 25), (23, 26), (23, 27), (23, 28), (23, 29), (24, 0), (24, 1), (24, 2), (24, 3), (24, 4), (24, 5), (24, 6), (24, 7), (24, 8), (24, 9), (24, 10), (24, 11), (24, 12), (24, 13), (24, 14), (24, 15), (24, 16), (24, 17), (24, 18), (24, 19), (24, 20), (24, 21), (24, 22), (24, 23), (24, 24), (24, 25), (24, 26), (24, 27), (24, 28), (24, 29), (25, 0), (25, 1), (25, 2), (25, 3), (25, 4), (25, 5), (25, 6), (25, 7), (25, 8), (25, 9), (25, 10), (25, 11), (25, 12), (25, 13), (25, 14), (25, 15), (25, 16), (25, 17), (25, 18), (25, 19), (25, 20), (25, 21), (25, 22), (25, 23), (25, 24), (25, 25), (25, 26), (25, 27), (25, 28), (25, 29), (26, 0), (26, 1), (26, 2), (26, 3), (26, 4), (26, 5), (26, 6), (26, 7), (26, 8), (26, 9), (26, 10), (26, 11), (26, 12), (26, 13), (26, 14), (26, 15), (26, 16), (26, 17), (26, 18), (26, 19), (26, 20), (26, 21), (26, 22), (26, 23), (26, 24), (26, 25), (26, 26), (26, 27), (26, 28), (26, 29), (27, 0), (27, 1), (27, 2), (27, 3), (27, 4), (27, 5), (27, 6), (27, 7), (27, 8), (27, 9), (27, 10), (27, 11), (27, 12), (27, 13), (27, 14), (27, 15), (27, 16), (27, 17), (27, 18), (27, 19), (27, 20), (27, 21), (27, 22), (27, 23), (27, 24), (27, 25), (27, 26), (27, 27), (27, 28), (27, 29), (28, 0), (28, 1), (28, 2), (28, 3), (28, 4), (28, 5), (28, 6), (28, 7), (28, 8), (28, 9), (28, 10), (28, 11), (28, 12), (28, 13), (28, 14), (28, 15), (28, 16), (28, 17), (28, 18), (28, 19), (28, 20), (28, 21), (28, 22), (28, 23), (28, 24), (28, 25), (28, 26), (28, 27), (28, 28), (28, 29), (29, 0), (29, 1), (29, 2), (29, 3), (29, 4), (29, 5), (29, 6), (29, 7), (29, 8), (29, 9), (29, 10), (29, 11), (29, 12), (29, 13), (29, 14), (29, 15), (29, 16), (29, 17), (29, 18), (29, 19), (29, 20), (29, 21), (29, 22), (29, 23), (29, 24), (29, 25), (29, 26), (29, 27), (29, 28), (29, 29)]
[Population data] 
Average population per node = 10000.0 
Total population = 9000000.0

choice bool = 1 - non uniform population (heterogeneous network) 
number of fixed nodes = 180
Index fixed nodes = [709, 546, 238, 573, 877, 80, 763, 416, 419, 341, 285, 349, 697, 632, 29, 248, 889, 357, 745, 203, 189, 691, 860, 92, 447, 334, 488, 13, 342, 335, 884, 858, 219, 246, 173, 24, 562, 251, 412, 41, 693, 622, 887, 628, 265, 674, 796, 260, 333, 244, 723, 711, 130, 528, 618, 713, 623, 206, 179, 665, 772, 167, 356, 838, 570, 190, 688, 378, 113, 471, 662, 701, 352, 282, 47, 513, 868, 605, 150, 649, 136, 785, 310, 811, 514, 162, 489, 397, 247, 768, 575, 17, 737, 126, 106, 696, 596, 611, 657, 568, 54, 90, 679, 417, 861, 673, 717, 35, 735, 212, 822, 254, 208, 81, 586, 88, 7, 846, 492, 98, 460, 176, 302, 440, 747, 819, 250, 217, 478, 431, 385, 71, 483, 214, 306, 326, 849, 233, 300, 109, 5, 832, 186, 163, 571, 677, 226, 183, 154, 25, 277, 453, 736, 637, 172, 366, 797, 339, 117, 845, 70, 538, 458, 108, 842, 224, 738, 686, 10, 301, 653, 813, 524, 634, 274, 159, 218, 699, 423, 448]
percentage of population in fixed nodes = 30

[Initial configuration]
Node population 0: [ 8734  8782  8815  8733  8742 14843  8716 15004  8882  8605 14967  8803
  8844 14880  8661  8996  8820 14872  8541  8662  8771  8711  8804  8805
 14870 14709  8729  8747  8762 15065  8779  8677  8780  8772  8870 15061
  8712  8797  8774  8648  8595 14969  8736  8665  8703  8894  8842 14976
  8747  8784  8895  8910  8718  8640 15016  8849  8661  8798  8770  8738
  8851  8828  8778  8771  8694  8637  8805  8724  8778  8713 14975 14859
  8691  8699  8742  8955  8838  8679  8687  8848 15259 15018  8619  8720
  8756  8642  8737  8532 14828  8783 14924  8898 15026  8753  8757  8816
  8516  8595 15115  8731  8703  8671  8711  8812  8544  8747 14933  8805
 14846 15350  8638  8728  8847 15110  8826  8877  8719 15179  8754  8900
  8849  8740  8750  8783  8760  8715 14776  8900  8821  8662 15192  8744
  8622  8664  8782  8674 15012  8631  8717  8621  8469  8684  8851  8901
  8792  8786  8748  8892  8807  8544 14976  8677  8770  8662 15212  8781
  8705  8778  8739 14883  8739  8791 14966 15045  8771  8810  8782 14923
  8677  8500  8825  8616 14931 14966  8672  8843 15118  9011  8859 14963
  8726  8768  8635 15031  8754  8686 15085  8886  8858 14692 14980  8666
  8764  8687  8799  8715  8758  8790  8784  8772  8769  8772  8973 15119
  8698  8859 15103  8812 14716  8572  8802  8744 14740  8891 14948  8727
  8700 14994 15042 14886  8819  8841  8887  8736 15110  8718 15082  8695
  8851  8860  8753  8844  8683 15236  8685  8684  8797  8796 15016  8818
  8706  8825  8726  8670 15013  8767 14851 14884 15119  8729 14955 15074
  8769  8874 14958  8675  8826  8889  8654  8846 14905  8657  8691  8831
  9018 15141  8648  8701  8767  8778  8783  8670  8602  8908 15110  8704
  8668 14703  8745  8746  8666  8711 15088  8679  8664 14907  8694  8845
  8790  8859  8679  8752  8669  8901  8915  8878  8687  8699  8536  8981
 15058 14939 14984  8685  8759  8733 14929  8737  8804  8824 15035  8613
  8578  8416  8655  8816  8725  8719  8822  8602  8837  8800  8880  8943
  8845  8781 14991  8737  8792  8824  8650  8780  8747 15054 15000 14963
  8670  8783  8578 14876  8685 15105 14750  8828  8701  8526  8819  8675
  8795 14867  8829  8767 15073  8910  8652  8660 15321 15065  8764  8713
  8824  8842  8723  8925  8808  8626 15028  8824  8750  8756  8680  8678
  8764  8829  8804  8690  8793  8643 15231  8824  8722  8741  8652  8679
  8737 15311  8735  8766  8907  8800  8763  8561  8655  8638  8753  8857
  8823 15041  8578  8827  8708  8848  8636  8641  8819  8676  8922  8733
  8640  8713  8685  8753 15007  8596  8686  8946 14988 14818  8558 15096
  8802  8750  8674 14887  8807  8883  8718  8757  8752  8810  8725 14804
  8757  8748  8617  8839  8696  8747  8967  8713 14816  8653  8779  8530
  8666  8698  8646 15037 14918  8910  8811  8670  8775 14988  8826  8880
  8804  8849 14955  8730 15113  8862  8642  8771  8797  8680  8759  8972
  8878  8719  8719 15087  8651  8825  8796  8714  8740  8745 15048  8714
  8790  8615  8809 15038  8839  8682  8683  8875 14818 15099  8769  8809
 14864  8771  8777  8790  8715  8750  8909  8741  8676  8801  8694  8779
  8746  8767  8701  8824  8642  8796  9036  8728  8714 14930 15021  8795
  8685  8867  8729  8635  8813  8788  8836  8899 14949  8707  8767  8667
 14993  8735  8745  8792  8756  8971  8835  8664  8750  8770 15075  8530
  8698  8835  8684  8730  8793  8643 15041  8707  8707  8926  8608  8952
  8522  8765  8755  8875  8932  8875  8638  8736  8723  8799 15028  8616
  8799  8838  8719  8767 14758  8736 14886 14971  8928 14859  8701 14938
  8634  8726  8754  8815  8820  8781  8785  8679  8660  8728 14879  8673
  8689  8720  8682  8708  8704  8648  8877  8748 15121  8720  8584  8656
  8743  8829  8761  8711  8607 15173  8733  8727  8797  8887  8604 15143
  8763  8903  8737  8572  8754  8722 14927  8688  8765  8733 14987 15146
  8523  8834  8821  8816 14875  8656  8732  8679 15021  8859 14999  8518
  8628 15060  8783  8789  8749  8853  8612  8785  8673  8685  8708  8901
  8632 14982  8731  8641  8799 14972  8699  8707  8671 14891  8762  8856
  8695  8670 15068  8680  8727 14842  8606  8887  8668  8761  8807  8657
  8903 14921 15071  8716  8857 15121  8638 15165  8746  8887  8593  8697
  8832  8880 15105  8697 14974  8743  8752 14967  8819 15172  8829  8840
 14954 14878  8702 15240  8729 15234  8562  8634  8653  8794  8729  8769
  8802 14718  8696 15113  8771 15169  8762  8586  8875 14899  8727  8827
  8770  8889  8813 15099  8676  8691  8719  8641  8712  8723  8779  8722
  8706  8760  8833 14882 15197 14899 15205  8751  8757  8684  8730  8840
  8757 14901  8770 14791  8777  8749  8862  8564  8977  8730  8657  8848
  8824  8788  8895  9000  8667  8938  8788 14970  8724  8785  8798  8701
 15160  8790  8973  8750 15076  8698  8864  8890  8737  8746  8749  8710
  8644  8710  8646  8808  8764 15007  8807  8856  8798  8723  8660  8718
  8742  8645  8714  8824 15112 15021  8650  8613  8747  8768  8666  8738
  8695  8768  8718  8612  8605  8623  8724 15093  8777 14926  8821  8703
  8815  8800  8673 15230  8655  8716 14841  8706  8684  8623  8721  9053
  8608  8590  8725  8625 15091  8886  8890  8862  8810  8881 14965  8783
  8633  8833 15152  8689  8763 15035 15057  8797  8651 15249  8658  8682
  8621  8948  8559  8838  8665  8677 14818  8818 14903 14943  8662  8834
  8838  8964  8660  8635 14888  8667  8822  8749  8768  8746  8718  8703
  8673 15005  8788  8774  8740  8705  8835  8803 15034  8843  8646 15063
  8756 15044  8910  8747  8877  8724  8636  8838  8930  8793  8725  8987]

[Connectivity]
Strong connection = True
a = 0.2
b = 0.9672161004820059

[PF convergence]
rho0 = [0.00097044 0.00097578 0.00097944 0.00097033 0.00097133 0.00164922
 0.00096844 0.00166711 0.00098689 0.00095611 0.001663   0.00097811
 0.00098267 0.00165333 0.00096233 0.00099956 0.00098    0.00165244
 0.000949   0.00096244 0.00097456 0.00096789 0.00097822 0.00097833
 0.00165222 0.00163433 0.00096989 0.00097189 0.00097356 0.00167389
 0.00097544 0.00096411 0.00097556 0.00097467 0.00098556 0.00167344
 0.000968   0.00097744 0.00097489 0.00096089 0.000955   0.00166322
 0.00097067 0.00096278 0.000967   0.00098822 0.00098244 0.001664
 0.00097189 0.000976   0.00098833 0.00099    0.00096867 0.00096
 0.00166844 0.00098322 0.00096233 0.00097756 0.00097444 0.00097089
 0.00098344 0.00098089 0.00097533 0.00097456 0.000966   0.00095967
 0.00097833 0.00096933 0.00097533 0.00096811 0.00166389 0.001651
 0.00096567 0.00096656 0.00097133 0.000995   0.000982   0.00096433
 0.00096522 0.00098311 0.00169544 0.00166867 0.00095767 0.00096889
 0.00097289 0.00096022 0.00097078 0.000948   0.00164756 0.00097589
 0.00165822 0.00098867 0.00166956 0.00097256 0.000973   0.00097956
 0.00094622 0.000955   0.00167944 0.00097011 0.000967   0.00096344
 0.00096789 0.00097911 0.00094933 0.00097189 0.00165922 0.00097833
 0.00164956 0.00170556 0.00095978 0.00096978 0.000983   0.00167889
 0.00098067 0.00098633 0.00096878 0.00168656 0.00097267 0.00098889
 0.00098322 0.00097111 0.00097222 0.00097589 0.00097333 0.00096833
 0.00164178 0.00098889 0.00098011 0.00096244 0.001688   0.00097156
 0.000958   0.00096267 0.00097578 0.00096378 0.001668   0.000959
 0.00096856 0.00095789 0.000941   0.00096489 0.00098344 0.000989
 0.00097689 0.00097622 0.000972   0.000988   0.00097856 0.00094933
 0.001664   0.00096411 0.00097444 0.00096244 0.00169022 0.00097567
 0.00096722 0.00097533 0.000971   0.00165367 0.000971   0.00097678
 0.00166289 0.00167167 0.00097456 0.00097889 0.00097578 0.00165811
 0.00096411 0.00094444 0.00098056 0.00095733 0.001659   0.00166289
 0.00096356 0.00098256 0.00167978 0.00100122 0.00098433 0.00166256
 0.00096956 0.00097422 0.00095944 0.00167011 0.00097267 0.00096511
 0.00167611 0.00098733 0.00098422 0.00163244 0.00166444 0.00096289
 0.00097378 0.00096522 0.00097767 0.00096833 0.00097311 0.00097667
 0.000976   0.00097467 0.00097433 0.00097467 0.000997   0.00167989
 0.00096644 0.00098433 0.00167811 0.00097911 0.00163511 0.00095244
 0.000978   0.00097156 0.00163778 0.00098789 0.00166089 0.00096967
 0.00096667 0.001666   0.00167133 0.001654   0.00097989 0.00098233
 0.00098744 0.00097067 0.00167889 0.00096867 0.00167578 0.00096611
 0.00098344 0.00098444 0.00097256 0.00098267 0.00096478 0.00169289
 0.000965   0.00096489 0.00097744 0.00097733 0.00166844 0.00097978
 0.00096733 0.00098056 0.00096956 0.00096333 0.00166811 0.00097411
 0.00165011 0.00165378 0.00167989 0.00096989 0.00166167 0.00167489
 0.00097433 0.000986   0.001662   0.00096389 0.00098067 0.00098767
 0.00096156 0.00098289 0.00165611 0.00096189 0.00096567 0.00098122
 0.001002   0.00168233 0.00096089 0.00096678 0.00097411 0.00097533
 0.00097589 0.00096333 0.00095578 0.00098978 0.00167889 0.00096711
 0.00096311 0.00163367 0.00097167 0.00097178 0.00096289 0.00096789
 0.00167644 0.00096433 0.00096267 0.00165633 0.000966   0.00098278
 0.00097667 0.00098433 0.00096433 0.00097244 0.00096322 0.000989
 0.00099056 0.00098644 0.00096522 0.00096656 0.00094844 0.00099789
 0.00167311 0.00165989 0.00166489 0.000965   0.00097322 0.00097033
 0.00165878 0.00097078 0.00097822 0.00098044 0.00167056 0.000957
 0.00095311 0.00093511 0.00096167 0.00097956 0.00096944 0.00096878
 0.00098022 0.00095578 0.00098189 0.00097778 0.00098667 0.00099367
 0.00098278 0.00097567 0.00166567 0.00097078 0.00097689 0.00098044
 0.00096111 0.00097556 0.00097189 0.00167267 0.00166667 0.00166256
 0.00096333 0.00097589 0.00095311 0.00165289 0.000965   0.00167833
 0.00163889 0.00098089 0.00096678 0.00094733 0.00097989 0.00096389
 0.00097722 0.00165189 0.000981   0.00097411 0.00167478 0.00099
 0.00096133 0.00096222 0.00170233 0.00167389 0.00097378 0.00096811
 0.00098044 0.00098244 0.00096922 0.00099167 0.00097867 0.00095844
 0.00166978 0.00098044 0.00097222 0.00097289 0.00096444 0.00096422
 0.00097378 0.000981   0.00097822 0.00096556 0.000977   0.00096033
 0.00169233 0.00098044 0.00096911 0.00097122 0.00096133 0.00096433
 0.00097078 0.00170122 0.00097056 0.000974   0.00098967 0.00097778
 0.00097367 0.00095122 0.00096167 0.00095978 0.00097256 0.00098411
 0.00098033 0.00167122 0.00095311 0.00098078 0.00096756 0.00098311
 0.00095956 0.00096011 0.00097989 0.000964   0.00099133 0.00097033
 0.00096    0.00096811 0.000965   0.00097256 0.00166744 0.00095511
 0.00096511 0.000994   0.00166533 0.00164644 0.00095089 0.00167733
 0.000978   0.00097222 0.00096378 0.00165411 0.00097856 0.000987
 0.00096867 0.000973   0.00097244 0.00097889 0.00096944 0.00164489
 0.000973   0.000972   0.00095744 0.00098211 0.00096622 0.00097189
 0.00099633 0.00096811 0.00164622 0.00096144 0.00097544 0.00094778
 0.00096289 0.00096644 0.00096067 0.00167078 0.00165756 0.00099
 0.000979   0.00096333 0.000975   0.00166533 0.00098067 0.00098667
 0.00097822 0.00098322 0.00166167 0.00097    0.00167922 0.00098467
 0.00096022 0.00097456 0.00097744 0.00096444 0.00097322 0.00099689
 0.00098644 0.00096878 0.00096878 0.00167633 0.00096122 0.00098056
 0.00097733 0.00096822 0.00097111 0.00097167 0.001672   0.00096822
 0.00097667 0.00095722 0.00097878 0.00167089 0.00098211 0.00096467
 0.00096478 0.00098611 0.00164644 0.00167767 0.00097433 0.00097878
 0.00165156 0.00097456 0.00097522 0.00097667 0.00096833 0.00097222
 0.00098989 0.00097122 0.000964   0.00097789 0.000966   0.00097544
 0.00097178 0.00097411 0.00096678 0.00098044 0.00096022 0.00097733
 0.001004   0.00096978 0.00096822 0.00165889 0.001669   0.00097722
 0.000965   0.00098522 0.00096989 0.00095944 0.00097922 0.00097644
 0.00098178 0.00098878 0.001661   0.00096744 0.00097411 0.000963
 0.00166589 0.00097056 0.00097167 0.00097689 0.00097289 0.00099678
 0.00098167 0.00096267 0.00097222 0.00097444 0.001675   0.00094778
 0.00096644 0.00098167 0.00096489 0.00097    0.000977   0.00096033
 0.00167122 0.00096744 0.00096744 0.00099178 0.00095644 0.00099467
 0.00094689 0.00097389 0.00097278 0.00098611 0.00099244 0.00098611
 0.00095978 0.00097067 0.00096922 0.00097767 0.00166978 0.00095733
 0.00097767 0.000982   0.00096878 0.00097411 0.00163978 0.00097067
 0.001654   0.00166344 0.000992   0.001651   0.00096678 0.00165978
 0.00095933 0.00096956 0.00097267 0.00097944 0.00098    0.00097567
 0.00097611 0.00096433 0.00096222 0.00096978 0.00165322 0.00096367
 0.00096544 0.00096889 0.00096467 0.00096756 0.00096711 0.00096089
 0.00098633 0.000972   0.00168011 0.00096889 0.00095378 0.00096178
 0.00097144 0.000981   0.00097344 0.00096789 0.00095633 0.00168589
 0.00097033 0.00096967 0.00097744 0.00098744 0.000956   0.00168256
 0.00097367 0.00098922 0.00097078 0.00095244 0.00097267 0.00096911
 0.00165856 0.00096533 0.00097389 0.00097033 0.00166522 0.00168289
 0.000947   0.00098156 0.00098011 0.00097956 0.00165278 0.00096178
 0.00097022 0.00096433 0.001669   0.00098433 0.00166656 0.00094644
 0.00095867 0.00167333 0.00097589 0.00097656 0.00097211 0.00098367
 0.00095689 0.00097611 0.00096367 0.000965   0.00096756 0.000989
 0.00095911 0.00166467 0.00097011 0.00096011 0.00097767 0.00166356
 0.00096656 0.00096744 0.00096344 0.00165456 0.00097356 0.000984
 0.00096611 0.00096333 0.00167422 0.00096444 0.00096967 0.00164911
 0.00095622 0.00098744 0.00096311 0.00097344 0.00097856 0.00096189
 0.00098922 0.00165789 0.00167456 0.00096844 0.00098411 0.00168011
 0.00095978 0.001685   0.00097178 0.00098744 0.00095478 0.00096633
 0.00098133 0.00098667 0.00167833 0.00096633 0.00166378 0.00097144
 0.00097244 0.001663   0.00097989 0.00168578 0.000981   0.00098222
 0.00166156 0.00165311 0.00096689 0.00169333 0.00096989 0.00169267
 0.00095133 0.00095933 0.00096144 0.00097711 0.00096989 0.00097433
 0.000978   0.00163533 0.00096622 0.00167922 0.00097456 0.00168544
 0.00097356 0.000954   0.00098611 0.00165544 0.00096967 0.00098078
 0.00097444 0.00098767 0.00097922 0.00167767 0.000964   0.00096567
 0.00096878 0.00096011 0.000968   0.00096922 0.00097544 0.00096911
 0.00096733 0.00097333 0.00098144 0.00165356 0.00168856 0.00165544
 0.00168944 0.00097233 0.000973   0.00096489 0.00097    0.00098222
 0.000973   0.00165567 0.00097444 0.00164344 0.00097522 0.00097211
 0.00098467 0.00095156 0.00099744 0.00097    0.00096189 0.00098311
 0.00098044 0.00097644 0.00098833 0.001      0.000963   0.00099311
 0.00097644 0.00166333 0.00096933 0.00097611 0.00097756 0.00096678
 0.00168444 0.00097667 0.000997   0.00097222 0.00167511 0.00096644
 0.00098489 0.00098778 0.00097078 0.00097178 0.00097211 0.00096778
 0.00096044 0.00096778 0.00096067 0.00097867 0.00097378 0.00166744
 0.00097856 0.000984   0.00097756 0.00096922 0.00096222 0.00096867
 0.00097133 0.00096056 0.00096822 0.00098044 0.00167911 0.001669
 0.00096111 0.000957   0.00097189 0.00097422 0.00096289 0.00097089
 0.00096611 0.00097422 0.00096867 0.00095689 0.00095611 0.00095811
 0.00096933 0.001677   0.00097522 0.00165844 0.00098011 0.000967
 0.00097944 0.00097778 0.00096367 0.00169222 0.00096167 0.00096844
 0.001649   0.00096733 0.00096489 0.00095811 0.000969   0.00100589
 0.00095644 0.00095444 0.00096944 0.00095833 0.00167678 0.00098733
 0.00098778 0.00098467 0.00097889 0.00098678 0.00166278 0.00097589
 0.00095922 0.00098144 0.00168356 0.00096544 0.00097367 0.00167056
 0.001673   0.00097744 0.00096122 0.00169433 0.000962   0.00096467
 0.00095789 0.00099422 0.000951   0.000982   0.00096278 0.00096411
 0.00164644 0.00097978 0.00165589 0.00166033 0.00096244 0.00098156
 0.000982   0.000996   0.00096222 0.00095944 0.00165422 0.000963
 0.00098022 0.00097211 0.00097422 0.00097178 0.00096867 0.000967
 0.00096367 0.00166722 0.00097644 0.00097489 0.00097111 0.00096722
 0.00098167 0.00097811 0.00167044 0.00098256 0.00096067 0.00167367
 0.00097289 0.00167156 0.00099    0.00097189 0.00098633 0.00096933
 0.00095956 0.000982   0.00099222 0.000977   0.00096944 0.00099856]
k_list = [   1    5   10   20   50  100  200  500 1000]
diff_list = [21.46928276 10.37189293  6.00690857  3.23049353  2.16784755  2.10045279
  2.09362251  2.09342935  2.09342935]

[Input degrees]
in_degrees = [7, 7, 14, 10, 9, 14, 10, 10, 10, 16, 24, 13, 7, 13, 10, 8, 9, 12, 8, 6, 9, 7, 9, 9, 13, 16, 10, 13, 12, 8, 13, 6, 10, 14, 12, 12, 10, 9, 14, 12, 11, 12, 16, 5, 16, 7, 8, 14, 14, 13, 9, 12, 11, 7, 13, 8, 8, 7, 9, 6, 11, 16, 15, 14, 12, 11, 7, 13, 8, 12, 11, 17, 11, 10, 15, 17, 7, 9, 13, 10, 16, 11, 7, 8, 10, 7, 13, 4, 14, 6, 11, 10, 19, 11, 12, 11, 16, 20, 26, 7, 11, 17, 10, 10, 19, 10, 11, 15, 15, 12, 11, 11, 11, 18, 8, 11, 13, 15, 6, 12, 11, 9, 7, 12, 16, 12, 13, 9, 11, 19, 19, 12, 12, 11, 15, 14, 14, 11, 14, 8, 10, 7, 10, 20, 12, 9, 11, 11, 7, 10, 14, 7, 14, 10, 16, 10, 10, 13, 14, 20, 12, 10, 22, 26, 8, 11, 7, 22, 17, 10, 18, 15, 27, 12, 13, 15, 16, 15, 13, 16, 9, 13, 16, 17, 10, 16, 27, 11, 13, 12, 18, 14, 12, 11, 11, 17, 12, 19, 10, 11, 9, 9, 10, 20, 13, 15, 23, 11, 14, 10, 9, 10, 19, 10, 16, 15, 17, 12, 21, 24, 18, 15, 21, 9, 20, 18, 17, 17, 14, 14, 16, 13, 10, 18, 11, 12, 10, 13, 11, 5, 14, 15, 10, 15, 13, 19, 14, 17, 20, 13, 23, 21, 8, 20, 23, 13, 12, 8, 22, 10, 24, 13, 11, 5, 6, 22, 11, 6, 21, 11, 11, 11, 10, 10, 21, 20, 12, 15, 10, 10, 11, 11, 14, 17, 17, 22, 7, 10, 11, 11, 15, 17, 12, 14, 15, 7, 10, 12, 13, 10, 12, 20, 11, 12, 12, 11, 12, 13, 15, 13, 24, 21, 12, 16, 17, 19, 17, 15, 14, 10, 10, 11, 17, 13, 15, 11, 19, 13, 15, 6, 13, 22, 14, 14, 21, 17, 14, 9, 10, 26, 12, 16, 16, 14, 9, 9, 17, 15, 14, 19, 15, 12, 26, 15, 14, 13, 26, 17, 9, 11, 9, 13, 11, 16, 13, 12, 28, 14, 19, 8, 13, 13, 14, 15, 17, 15, 20, 19, 23, 23, 15, 12, 10, 13, 16, 16, 11, 13, 5, 11, 7, 10, 11, 9, 9, 16, 18, 23, 10, 14, 16, 14, 11, 19, 12, 13, 15, 18, 13, 15, 7, 9, 20, 6, 11, 11, 22, 14, 11, 20, 11, 12, 20, 17, 10, 17, 17, 18, 10, 13, 16, 18, 7, 17, 14, 13, 13, 12, 11, 13, 15, 14, 12, 11, 16, 13, 13, 22, 17, 16, 14, 12, 12, 22, 8, 17, 18, 15, 22, 13, 16, 9, 12, 10, 16, 7, 11, 16, 16, 14, 14, 16, 16, 18, 11, 18, 8, 11, 20, 17, 9, 12, 10, 18, 19, 12, 12, 18, 20, 24, 11, 10, 23, 11, 11, 15, 12, 14, 10, 11, 13, 17, 10, 10, 11, 14, 12, 15, 15, 17, 10, 16, 11, 16, 18, 17, 15, 14, 8, 16, 19, 19, 10, 14, 22, 11, 14, 9, 26, 12, 17, 8, 14, 11, 20, 8, 13, 9, 17, 8, 7, 8, 21, 9, 9, 11, 24, 12, 7, 9, 17, 13, 11, 19, 20, 15, 17, 15, 12, 11, 20, 12, 18, 14, 8, 13, 6, 17, 17, 11, 16, 12, 6, 19, 12, 17, 12, 12, 21, 11, 19, 10, 11, 3, 15, 15, 21, 15, 12, 14, 13, 16, 10, 14, 12, 8, 15, 13, 11, 15, 11, 20, 15, 11, 13, 21, 12, 11, 13, 8, 7, 14, 15, 12, 8, 13, 12, 18, 17, 13, 12, 11, 12, 10, 12, 16, 9, 16, 15, 15, 14, 13, 17, 9, 24, 11, 14, 23, 10, 12, 15, 12, 12, 17, 16, 11, 13, 14, 11, 20, 17, 9, 14, 22, 6, 12, 12, 14, 9, 10, 11, 9, 14, 12, 6, 18, 15, 16, 12, 16, 14, 12, 17, 17, 17, 20, 15, 18, 14, 11, 7, 15, 10, 12, 11, 9, 14, 12, 14, 9, 8, 17, 7, 13, 6, 20, 29, 11, 8, 23, 13, 19, 20, 18, 13, 15, 27, 12, 16, 22, 6, 15, 13, 22, 7, 10, 11, 16, 11, 10, 11, 9, 13, 21, 13, 14, 9, 4, 14, 17, 20, 15, 19, 16, 15, 18, 14, 21, 19, 13, 18, 9, 17, 9, 12, 15, 9, 12, 10, 8, 7, 10, 15, 7, 14, 6, 15, 6, 12, 14, 11, 11, 14, 19, 13, 11, 9, 15, 18, 22, 9, 12, 21, 19, 12, 11, 18, 14, 9, 11, 8, 10, 10, 7, 12, 18, 16, 11, 11, 14, 15, 14, 8, 17, 10, 10, 20, 15, 14, 11, 9, 12, 14, 10, 11, 13, 12, 14, 12, 12, 5, 19, 17, 14, 8, 12, 12, 7, 11, 13, 16, 7, 15, 7, 14, 12, 10, 14, 11, 9, 14, 11, 18, 12, 14, 8, 14, 10, 8, 9, 17, 15, 15, 13, 12, 15, 19, 9, 11, 19, 16, 12, 9, 12, 15, 12, 14, 10, 20, 10, 15, 20, 11, 8, 13, 8, 12, 13, 10, 7, 6, 9, 5, 7, 12, 5, 12, 15, 11, 7, 5, 9, 11, 7, 17, 11, 11, 18, 12, 14, 10, 12, 9, 9, 9, 10, 10, 6, 5, 6]