 ---------------------------------------------

              TOPOLOGY FILE - v1      

      Author : Teresa Dalle Nogare
      Date :2023-11-16

 ---------------------------------------------

[Nodes] 
N_row = 30, N_col = 30, N = N_row x N_col = 900 
Position of nodes = [(0, 0), (0, 1), (0, 2), (0, 3), (0, 4), (0, 5), (0, 6), (0, 7), (0, 8), (0, 9), (0, 10), (0, 11), (0, 12), (0, 13), (0, 14), (0, 15), (0, 16), (0, 17), (0, 18), (0, 19), (0, 20), (0, 21), (0, 22), (0, 23), (0, 24), (0, 25), (0, 26), (0, 27), (0, 28), (0, 29), (1, 0), (1, 1), (1, 2), (1, 3), (1, 4), (1, 5), (1, 6), (1, 7), (1, 8), (1, 9), (1, 10), (1, 11), (1, 12), (1, 13), (1, 14), (1, 15), (1, 16), (1, 17), (1, 18), (1, 19), (1, 20), (1, 21), (1, 22), (1, 23), (1, 24), (1, 25), (1, 26), (1, 27), (1, 28), (1, 29), (2, 0), (2, 1), (2, 2), (2, 3), (2, 4), (2, 5), (2, 6), (2, 7), (2, 8), (2, 9), (2, 10), (2, 11), (2, 12), (2, 13), (2, 14), (2, 15), (2, 16), (2, 17), (2, 18), (2, 19), (2, 20), (2, 21), (2, 22), (2, 23), (2, 24), (2, 25), (2, 26), (2, 27), (2, 28), (2, 29), (3, 0), (3, 1), (3, 2), (3, 3), (3, 4), (3, 5), (3, 6), (3, 7), (3, 8), (3, 9), (3, 10), (3, 11), (3, 12), (3, 13), (3, 14), (3, 15), (3, 16), (3, 17), (3, 18), (3, 19), (3, 20), (3, 21), (3, 22), (3, 23), (3, 24), (3, 25), (3, 26), (3, 27), (3, 28), (3, 29), (4, 0), (4, 1), (4, 2), (4, 3), (4, 4), (4, 5), (4, 6), (4, 7), (4, 8), (4, 9), (4, 10), (4, 11), (4, 12), (4, 13), (4, 14), (4, 15), (4, 16), (4, 17), (4, 18), (4, 19), (4, 20), (4, 21), (4, 22), (4, 23), (4, 24), (4, 25), (4, 26), (4, 27), (4, 28), (4, 29), (5, 0), (5, 1), (5, 2), (5, 3), (5, 4), (5, 5), (5, 6), (5, 7), (5, 8), (5, 9), (5, 10), (5, 11), (5, 12), (5, 13), (5, 14), (5, 15), (5, 16), (5, 17), (5, 18), (5, 19), (5, 20), (5, 21), (5, 22), (5, 23), (5, 24), (5, 25), (5, 26), (5, 27), (5, 28), (5, 29), (6, 0), (6, 1), (6, 2), (6, 3), (6, 4), (6, 5), (6, 6), (6, 7), (6, 8), (6, 9), (6, 10), (6, 11), (6, 12), (6, 13), (6, 14), (6, 15), (6, 16), (6, 17), (6, 18), (6, 19), (6, 20), (6, 21), (6, 22), (6, 23), (6, 24), (6, 25), (6, 26), (6, 27), (6, 28), (6, 29), (7, 0), (7, 1), (7, 2), (7, 3), (7, 4), (7, 5), (7, 6), (7, 7), (7, 8), (7, 9), (7, 10), (7, 11), (7, 12), (7, 13), (7, 14), (7, 15), (7, 16), (7, 17), (7, 18), (7, 19), (7, 20), (7, 21), (7, 22), (7, 23), (7, 24), (7, 25), (7, 26), (7, 27), (7, 28), (7, 29), (8, 0), (8, 1), (8, 2), (8, 3), (8, 4), (8, 5), (8, 6), (8, 7), (8, 8), (8, 9), (8, 10), (8, 11), (8, 12), (8, 13), (8, 14), (8, 15), (8, 16), (8, 17), (8, 18), (8, 19), (8, 20), (8, 21), (8, 22), (8, 23), (8, 24), (8, 25), (8, 26), (8, 27), (8, 28), (8, 29), (9, 0), (9, 1), (9, 2), (9, 3), (9, 4), (9, 5), (9, 6), (9, 7), (9, 8), (9, 9), (9, 10), (9, 11), (9, 12), (9, 13), (9, 14), (9, 15), (9, 16), (9, 17), (9, 18), (9, 19), (9, 20), (9, 21), (9, 22), (9, 23), (9, 24), (9, 25), (9, 26), (9, 27), (9, 28), (9, 29), (10, 0), (10, 1), (10, 2), (10, 3), (10, 4), (10, 5), (10, 6), (10, 7), (10, 8), (10, 9), (10, 10), (10, 11), (10, 12), (10, 13), (10, 14), (10, 15), (10, 16), (10, 17), (10, 18), (10, 19), (10, 20), (10, 21), (10, 22), (10, 23), (10, 24), (10, 25), (10, 26), (10, 27), (10, 28), (10, 29), (11, 0), (11, 1), (11, 2), (11, 3), (11, 4), (11, 5), (11, 6), (11, 7), (11, 8), (11, 9), (11, 10), (11, 11), (11, 12), (11, 13), (11, 14), (11, 15), (11, 16), (11, 17), (11, 18), (11, 19), (11, 20), (11, 21), (11, 22), (11, 23), (11, 24), (11, 25), (11, 26), (11, 27), (11, 28), (11, 29), (12, 0), (12, 1), (12, 2), (12, 3), (12, 4), (12, 5), (12, 6), (12, 7), (12, 8), (12, 9), (12, 10), (12, 11), (12, 12), (12, 13), (12, 14), (12, 15), (12, 16), (12, 17), (12, 18), (12, 19), (12, 20), (12, 21), (12, 22), (12, 23), (12, 24), (12, 25), (12, 26), (12, 27), (12, 28), (12, 29), (13, 0), (13, 1), (13, 2), (13, 3), (13, 4), (13, 5), (13, 6), (13, 7), (13, 8), (13, 9), (13, 10), (13, 11), (13, 12), (13, 13), (13, 14), (13, 15), (13, 16), (13, 17), (13, 18), (13, 19), (13, 20), (13, 21), (13, 22), (13, 23), (13, 24), (13, 25), (13, 26), (13, 27), (13, 28), (13, 29), (14, 0), (14, 1), (14, 2), (14, 3), (14, 4), (14, 5), (14, 6), (14, 7), (14, 8), (14, 9), (14, 10), (14, 11), (14, 12), (14, 13), (14, 14), (14, 15), (14, 16), (14, 17), (14, 18), (14, 19), (14, 20), (14, 21), (14, 22), (14, 23), (14, 24), (14, 25), (14, 26), (14, 27), (14, 28), (14, 29), (15, 0), (15, 1), (15, 2), (15, 3), (15, 4), (15, 5), (15, 6), (15, 7), (15, 8), (15, 9), (15, 10), (15, 11), (15, 12), (15, 13), (15, 14), (15, 15), (15, 16), (15, 17), (15, 18), (15, 19), (15, 20), (15, 21), (15, 22), (15, 23), (15, 24), (15, 25), (15, 26), (15, 27), (15, 28), (15, 29), (16, 0), (16, 1), (16, 2), (16, 3), (16, 4), (16, 5), (16, 6), (16, 7), (16, 8), (16, 9), (16, 10), (16, 11), (16, 12), (16, 13), (16, 14), (16, 15), (16, 16), (16, 17), (16, 18), (16, 19), (16, 20), (16, 21), (16, 22), (16, 23), (16, 24), (16, 25), (16, 26), (16, 27), (16, 28), (16, 29), (17, 0), (17, 1), (17, 2), (17, 3), (17, 4), (17, 5), (17, 6), (17, 7), (17, 8), (17, 9), (17, 10), (17, 11), (17, 12), (17, 13), (17, 14), (17, 15), (17, 16), (17, 17), (17, 18), (17, 19), (17, 20), (17, 21), (17, 22), (17, 23), (17, 24), (17, 25), (17, 26), (17, 27), (17, 28), (17, 29), (18, 0), (18, 1), (18, 2), (18, 3), (18, 4), (18, 5), (18, 6), (18, 7), (18, 8), (18, 9), (18, 10), (18, 11), (18, 12), (18, 13), (18, 14), (18, 15), (18, 16), (18, 17), (18, 18), (18, 19), (18, 20), (18, 21), (18, 22), (18, 23), (18, 24), (18, 25), (18, 26), (18, 27), (18, 28), (18, 29), (19, 0), (19, 1), (19, 2), (19, 3), (19, 4), (19, 5), (19, 6), (19, 7), (19, 8), (19, 9), (19, 10), (19, 11), (19, 12), (19, 13), (19, 14), (19, 15), (19, 16), (19, 17), (19, 18), (19, 19), (19, 20), (19, 21), (19, 22), (19, 23), (19, 24), (19, 25), (19, 26), (19, 27), (19, 28), (19, 29), (20, 0), (20, 1), (20, 2), (20, 3), (20, 4), (20, 5), (20, 6), (20, 7), (20, 8), (20, 9), (20, 10), (20, 11), (20, 12), (20, 13), (20, 14), (20, 15), (20, 16), (20, 17), (20, 18), (20, 19), (20, 20), (20, 21), (20, 22), (20, 23), (20, 24), (20, 25), (20, 26), (20, 27), (20, 28), (20, 29), (21, 0), (21, 1), (21, 2), (21, 3), (21, 4), (21, 5), (21, 6), (21, 7), (21, 8), (21, 9), (21, 10), (21, 11), (21, 12), (21, 13), (21, 14), (21, 15), (21, 16), (21, 17), (21, 18), (21, 19), (21, 20), (21, 21), (21, 22), (21, 23), (21, 24), (21, 25), (21, 26), (21, 27), (21, 28), (21, 29), (22, 0), (22, 1), (22, 2), (22, 3), (22, 4), (22, 5), (22, 6), (22, 7), (22, 8), (22, 9), (22, 10), (22, 11), (22, 12), (22, 13), (22, 14), (22, 15), (22, 16), (22, 17), (22, 18), (22, 19), (22, 20), (22, 21), (22, 22), (22, 23), (22, 24), (22, 25), (22, 26), (22, 27), (22, 28), (22, 29), (23, 0), (23, 1), (23, 2), (23, 3), (23, 4), (23, 5), (23, 6), (23, 7), (23, 8), (23, 9), (23, 10), (23, 11), (23, 12), (23, 13), (23, 14), (23, 15), (23, 16), (23, 17), (23, 18), (23, 19), (23, 20), (23, 21), (23, 22), (23, 23), (23, 24), (23, 25), (23, 26), (23, 27), (23, 28), (23, 29), (24, 0), (24, 1), (24, 2), (24, 3), (24, 4), (24, 5), (24, 6), (24, 7), (24, 8), (24, 9), (24, 10), (24, 11), (24, 12), (24, 13), (24, 14), (24, 15), (24, 16), (24, 17), (24, 18), (24, 19), (24, 20), (24, 21), (24, 22), (24, 23), (24, 24), (24, 25), (24, 26), (24, 27), (24, 28), (24, 29), (25, 0), (25, 1), (25, 2), (25, 3), (25, 4), (25, 5), (25, 6), (25, 7), (25, 8), (25, 9), (25, 10), (25, 11), (25, 12), (25, 13), (25, 14), (25, 15), (25, 16), (25, 17), (25, 18), (25, 19), (25, 20), (25, 21), (25, 22), (25, 23), (25, 24), (25, 25), (25, 26), (25, 27), (25, 28), (25, 29), (26, 0), (26, 1), (26, 2), (26, 3), (26, 4), (26, 5), (26, 6), (26, 7), (26, 8), (26, 9), (26, 10), (26, 11), (26, 12), (26, 13), (26, 14), (26, 15), (26, 16), (26, 17), (26, 18), (26, 19), (26, 20), (26, 21), (26, 22), (26, 23), (26, 24), (26, 25), (26, 26), (26, 27), (26, 28), (26, 29), (27, 0), (27, 1), (27, 2), (27, 3), (27, 4), (27, 5), (27, 6), (27, 7), (27, 8), (27, 9), (27, 10), (27, 11), (27, 12), (27, 13), (27, 14), (27, 15), (27, 16), (27, 17), (27, 18), (27, 19), (27, 20), (27, 21), (27, 22), (27, 23), (27, 24), (27, 25), (27, 26), (27, 27), (27, 28), (27, 29), (28, 0), (28, 1), (28, 2), (28, 3), (28, 4), (28, 5), (28, 6), (28, 7), (28, 8), (28, 9), (28, 10), (28, 11), (28, 12), (28, 13), (28, 14), (28, 15), (28, 16), (28, 17), (28, 18), (28, 19), (28, 20), (28, 21), (28, 22), (28, 23), (28, 24), (28, 25), (28, 26), (28, 27), (28, 28), (28, 29), (29, 0), (29, 1), (29, 2), (29, 3), (29, 4), (29, 5), (29, 6), (29, 7), (29, 8), (29, 9), (29, 10), (29, 11), (29, 12), (29, 13), (29, 14), (29, 15), (29, 16), (29, 17), (29, 18), (29, 19), (29, 20), (29, 21), (29, 22), (29, 23), (29, 24), (29, 25), (29, 26), (29, 27), (29, 28), (29, 29)]
[Population data] 
Average population per node = 10000.0 
Total population = 9000000.0

choice bool = 0 - uniform population (homogeneous network) 

[Initial configuration]
Node population 0: [10024  9857 10083  9888  9943  9870  9943  9983 10068  9848 10141  9815
  9942 10131 10120  9942  9959 10088 10099  9925 10137 10175  9938  9958
 10092  9903  9786  9949 10065 10011  9923 10102 10113 10068  9798  9916
  9899 10023 10110 10064  9987  9960  9959 10037  9957 10179  9879 10235
 10099 10064 10056 10037  9995  9827  9954  9865 10029 10097  9999  9877
 10111 10015 10081 10165  9914  9980  9973 10023  9896  9829 10118  9989
  9856 10157  9827 10039  9895  9816  9963  9923  9999  9959  9949 10069
  9868  9966  9911  9996  9968  9942 10126 10091  9989 10057  9967 10016
 10005 10028  9954  9865  9987  9960 10107 10005 10031  9987 10005  9908
  9935 10020 10183  9986  9886 10186  9822 10092 10097  9910 10132 10084
 10015  9897  9941  9963 10060 10035 10067 10230  9979  9978 10154 10104
  9892 10108 10058  9986 10195 10063  9967  9793 10088  9963 10004 10004
 10112 10123  9919  9960 10062 10069 10226  9899  9940 10017  9985 10075
  9966  9966 10035  9886 10037  9937  9848 10017  9850  9840  9889 10151
 10087  9894  9942  9901 10106  9868 10062  9784 10145  9965  9943  9907
  9931 10110 10025 10088 10072  9998 10058 10116  9988  9959  9988  9982
  9995  9882  9999 10135  9979 10122  9903 10015 10075 10054 10051  9910
  9942  9941 10140 10157 10033  9987  9832  9916 10032 10042 10033  9991
 10033 10101 10058  9973 10088  9801  9930  9928  9987  9652 10005 10019
 10085 10152  9926  9981  9961 10106 10173 10051 10093  9990  9912 10046
 10048  9925 10042  9820  9920 10007 10005 10020  9933 10083 10114 10048
 10140  9952 10162  9906  9890  9953  9747 10007 10026  9998  9905  9788
  9943 10029  9834 10011  9882 10023  9921  9951  9853 10033  9941 10196
  9861 10079 10069 10156  9980  9906 10016 10033 10022  9960 10094 10091
  9931  9969 10075 10073 10053 10112  9769 10028 10011 10032 10079  9931
  9827 10010  9995  9874  9956  9932  9983  9949 10183  9945  9912 10049
 10017  9932 10047 10088 10073 10004  9949 10048  9920  9988  9957 10078
 10106  9923  9865 10030  9990 10009  9909  9846  9996 10081 10020 10071
  9908 10049  9896  9983  9935 10074  9941  9870 10024 10116  9976 10067
  9981 10031  9896  9976 10146 10033  9957 10023  9941 10055  9764  9955
  9880 10038 10102 10000  9936  9964  9954 10013  9980  9818 10147  9887
  9991 10260 10173 10066  9946 10031  9917  9964  9978  9983  9865 10157
  9996 10094  9938  9947  9837 10004  9823 10009 10036 10122  9949 10119
  9951  9891  9887  9975 10032 10179  9915 10072 10032  9950  9982 10054
  9982 10058  9943 10015  9942 10093  9983 10038  9938 10132 10104 10119
 10007 10002  9993 10050  9942 10015  9989 10030  9889  9959  9927 10095
 10015  9889  9988  9988  9843  9947  9867  9991  9924  9963 10008 10013
 10092 10029 10083 10018 10018 10211  9996  9957 10042  9867  9869  9779
  9968 10030 10092  9884  9812 10004 10106 10091 10153 10117 10224  9998
 10124  9977  9927  9924 10054 10088  9979 10131  9931  9898  9918 10101
 10159 10048 10003  9861 10074  9887  9998  9944  9981 10029 10147 10047
 10109  9965  9801 10103 10041 10041 10175  9946 10034  9802  9996  9997
 10022  9891 10087 10115 10024  9984 10139 10033  9975 10226  9999  9850
  9871 10098  9927  9851  9985  9999  9845 10082 10272 10042 10197  9875
  9962 10025 10095 10113 10013  9951 10041 10121 10067  9944  9989  9971
  9880 10125 10081  9972  9982 10089  9881  9899  9981 10000  9916  9993
 10138 10037  9885 10058 10104  9951  9808 10033  9920  9960  9984  9970
  9998  9936  9882 10050  9972 10092 10172 10223  9883  9796  9957  9987
 10190 10101 10070 10045  9849 10000 10030  9941 10177  9912  9964 10089
  9919  9935  9905  9971 10010 10014  9934 10040 10024 10157 10180 10055
 10091  9974  9961  9977 10032  9804  9953 10013  9806 10189  9911  9942
  9936 10060  9835 10154 10044 10122  9981 10061  9965 10083 10073  9981
 10161  9914  9994  9939  9838 10067 10084  9889  9914  9829 10076 10114
  9996 10067 10058 10079  9860 10186  9945 10057 10095  9889 10071 10044
  9947 10029  9986  9989  9941 10183 10085 10240 10107 10055  9950 10222
 10014 10129  9975 10109  9894  9818  9953  9906  9983 10088  9987 10124
  9863 10107  9867 10115 10048 10045 10219  9975 10184  9951 10103  9887
 10125 10151  9970 10035  9993 10024  9989 10005  9949 10031  9913  9995
  9897 10078 10055  9920 10147 10109  9880 10026 10033  9772  9942 10060
 10062  9858 10018  9991 10022  9831 10023 10189  9888  9978 10061 10079
  9923 10048 10142 10151  9845  9949 10005  9910  9969  9841  9923  9932
  9921 10080  9980  9920 10172 10017 10020 10098 10016  9891  9982  9909
 10177 10193 10016 10021  9927  9836 10177 10120  9931 10155 10079  9868
 10163 10022  9860 10052 10096 10070 10061  9989  9982  9903 10106 10000
  9886  9935  9934  9924 10008 10063  9990 10069 10012 10015 10003 10004
  9990  9885 10022  9917  9987 10179  9998 10028 10016 10057  9860  9937
  9926 10020  9980  9898 10067  9863 10136 10121 10113  9914 10174  9979
 10163  9915  9982 10000  9821 10083 10142  9924  9955  9964 10046  9914
  9936 10178  9871  9865  9913  9816 10121  9822 10083 10154 10021 10029
  9922 10148 10084 10076 10027 10032 10035 10046 10114 10075 10015 10097
  9832  9928  9896  9849  9930 10019  9905  9920 10009 10079 10016 10200
 10104  9985  9989  9894  9832 10051  9965  9965  9936 10162  9925  9951
  9877 10006  9974  9972 10030  9889  9833  9787 10041  9883  9767  9971
  9919  9917  9971 10078  9820 10037  9883  9976 10193 10104 10175 10062
 10090  9868 10112  9920  9981  9927 10058 10027  9918 10114 10058  9946]

[Connectivity]
Strong connection = True
a = 0.2
b = 0.9672161004820059

[PF convergence]
rho0 = [0.00111378 0.00109522 0.00112033 0.00109867 0.00110478 0.00109667
 0.00110478 0.00110922 0.00111867 0.00109422 0.00112678 0.00109056
 0.00110467 0.00112567 0.00112444 0.00110467 0.00110656 0.00112089
 0.00112211 0.00110278 0.00112633 0.00113056 0.00110422 0.00110644
 0.00112133 0.00110033 0.00108733 0.00110544 0.00111833 0.00111233
 0.00110256 0.00112244 0.00112367 0.00111867 0.00108867 0.00110178
 0.00109989 0.00111367 0.00112333 0.00111822 0.00110967 0.00110667
 0.00110656 0.00111522 0.00110633 0.001131   0.00109767 0.00113722
 0.00112211 0.00111822 0.00111733 0.00111522 0.00111056 0.00109189
 0.001106   0.00109611 0.00111433 0.00112189 0.001111   0.00109744
 0.00112344 0.00111278 0.00112011 0.00112944 0.00110156 0.00110889
 0.00110811 0.00111367 0.00109956 0.00109211 0.00112422 0.00110989
 0.00109511 0.00112856 0.00109189 0.00111544 0.00109944 0.00109067
 0.001107   0.00110256 0.001111   0.00110656 0.00110544 0.00111878
 0.00109644 0.00110733 0.00110122 0.00111067 0.00110756 0.00110467
 0.00112511 0.00112122 0.00110989 0.00111744 0.00110744 0.00111289
 0.00111167 0.00111422 0.001106   0.00109611 0.00110967 0.00110667
 0.001123   0.00111167 0.00111456 0.00110967 0.00111167 0.00110089
 0.00110389 0.00111333 0.00113144 0.00110956 0.00109844 0.00113178
 0.00109133 0.00112133 0.00112189 0.00110111 0.00112578 0.00112044
 0.00111278 0.00109967 0.00110456 0.001107   0.00111778 0.001115
 0.00111856 0.00113667 0.00110878 0.00110867 0.00112822 0.00112267
 0.00109911 0.00112311 0.00111756 0.00110956 0.00113278 0.00111811
 0.00110744 0.00108811 0.00112089 0.001107   0.00111156 0.00111156
 0.00112356 0.00112478 0.00110211 0.00110667 0.001118   0.00111878
 0.00113622 0.00109989 0.00110444 0.001113   0.00110944 0.00111944
 0.00110733 0.00110733 0.001115   0.00109844 0.00111522 0.00110411
 0.00109422 0.001113   0.00109444 0.00109333 0.00109878 0.00112789
 0.00112078 0.00109933 0.00110467 0.00110011 0.00112289 0.00109644
 0.001118   0.00108711 0.00112722 0.00110722 0.00110478 0.00110078
 0.00110344 0.00112333 0.00111389 0.00112089 0.00111911 0.00111089
 0.00111756 0.001124   0.00110978 0.00110656 0.00110978 0.00110911
 0.00111056 0.001098   0.001111   0.00112611 0.00110878 0.00112467
 0.00110033 0.00111278 0.00111944 0.00111711 0.00111678 0.00110111
 0.00110467 0.00110456 0.00112667 0.00112856 0.00111478 0.00110967
 0.00109244 0.00110178 0.00111467 0.00111578 0.00111478 0.00111011
 0.00111478 0.00112233 0.00111756 0.00110811 0.00112089 0.001089
 0.00110333 0.00110311 0.00110967 0.00107244 0.00111167 0.00111322
 0.00112056 0.001128   0.00110289 0.001109   0.00110678 0.00112289
 0.00113033 0.00111678 0.00112144 0.00111    0.00110133 0.00111622
 0.00111644 0.00110278 0.00111578 0.00109111 0.00110222 0.00111189
 0.00111167 0.00111333 0.00110367 0.00112033 0.00112378 0.00111644
 0.00112667 0.00110578 0.00112911 0.00110067 0.00109889 0.00110589
 0.001083   0.00111189 0.001114   0.00111089 0.00110056 0.00108756
 0.00110478 0.00111433 0.00109267 0.00111233 0.001098   0.00111367
 0.00110233 0.00110567 0.00109478 0.00111478 0.00110456 0.00113289
 0.00109567 0.00111989 0.00111878 0.00112844 0.00110889 0.00110067
 0.00111289 0.00111478 0.00111356 0.00110667 0.00112156 0.00112122
 0.00110344 0.00110767 0.00111944 0.00111922 0.001117   0.00112356
 0.00108544 0.00111422 0.00111233 0.00111467 0.00111989 0.00110344
 0.00109189 0.00111222 0.00111056 0.00109711 0.00110622 0.00110356
 0.00110922 0.00110544 0.00113144 0.001105   0.00110133 0.00111656
 0.001113   0.00110356 0.00111633 0.00112089 0.00111922 0.00111156
 0.00110544 0.00111644 0.00110222 0.00110978 0.00110633 0.00111978
 0.00112289 0.00110256 0.00109611 0.00111444 0.00111    0.00111211
 0.001101   0.001094   0.00111067 0.00112011 0.00111333 0.001119
 0.00110089 0.00111656 0.00109956 0.00110922 0.00110389 0.00111933
 0.00110456 0.00109667 0.00111378 0.001124   0.00110844 0.00111856
 0.001109   0.00111456 0.00109956 0.00110844 0.00112733 0.00111478
 0.00110633 0.00111367 0.00110456 0.00111722 0.00108489 0.00110611
 0.00109778 0.00111533 0.00112244 0.00111111 0.001104   0.00110711
 0.001106   0.00111256 0.00110889 0.00109089 0.00112744 0.00109856
 0.00111011 0.00114    0.00113033 0.00111844 0.00110511 0.00111456
 0.00110189 0.00110711 0.00110867 0.00110922 0.00109611 0.00112856
 0.00111067 0.00112156 0.00110422 0.00110522 0.001093   0.00111156
 0.00109144 0.00111211 0.00111511 0.00112467 0.00110544 0.00112433
 0.00110567 0.001099   0.00109856 0.00110833 0.00111467 0.001131
 0.00110167 0.00111911 0.00111467 0.00110556 0.00110911 0.00111711
 0.00110911 0.00111756 0.00110478 0.00111278 0.00110467 0.00112144
 0.00110922 0.00111533 0.00110422 0.00112578 0.00112267 0.00112433
 0.00111189 0.00111133 0.00111033 0.00111667 0.00110467 0.00111278
 0.00110989 0.00111444 0.00109878 0.00110656 0.001103   0.00112167
 0.00111278 0.00109878 0.00110978 0.00110978 0.00109367 0.00110522
 0.00109633 0.00111011 0.00110267 0.001107   0.001112   0.00111256
 0.00112133 0.00111433 0.00112033 0.00111311 0.00111311 0.00113456
 0.00111067 0.00110633 0.00111578 0.00109633 0.00109656 0.00108656
 0.00110756 0.00111444 0.00112133 0.00109822 0.00109022 0.00111156
 0.00112289 0.00112122 0.00112811 0.00112411 0.001136   0.00111089
 0.00112489 0.00110856 0.001103   0.00110267 0.00111711 0.00112089
 0.00110878 0.00112567 0.00110344 0.00109978 0.001102   0.00112233
 0.00112878 0.00111644 0.00111144 0.00109567 0.00111933 0.00109856
 0.00111089 0.00110489 0.001109   0.00111433 0.00112744 0.00111633
 0.00112322 0.00110722 0.001089   0.00112256 0.00111567 0.00111567
 0.00113056 0.00110511 0.00111489 0.00108911 0.00111067 0.00111078
 0.00111356 0.001099   0.00112078 0.00112389 0.00111378 0.00110933
 0.00112656 0.00111478 0.00110833 0.00113622 0.001111   0.00109444
 0.00109678 0.001122   0.001103   0.00109456 0.00110944 0.001111
 0.00109389 0.00112022 0.00114133 0.00111578 0.001133   0.00109722
 0.00110689 0.00111389 0.00112167 0.00112367 0.00111256 0.00110567
 0.00111567 0.00112456 0.00111856 0.00110489 0.00110989 0.00110789
 0.00109778 0.001125   0.00112011 0.001108   0.00110911 0.001121
 0.00109789 0.00109989 0.001109   0.00111111 0.00110178 0.00111033
 0.00112644 0.00111522 0.00109833 0.00111756 0.00112267 0.00110567
 0.00108978 0.00111478 0.00110222 0.00110667 0.00110933 0.00110778
 0.00111089 0.001104   0.001098   0.00111667 0.001108   0.00112133
 0.00113022 0.00113589 0.00109811 0.00108844 0.00110633 0.00110967
 0.00113222 0.00112233 0.00111889 0.00111611 0.00109433 0.00111111
 0.00111444 0.00110456 0.00113078 0.00110133 0.00110711 0.001121
 0.00110211 0.00110389 0.00110056 0.00110789 0.00111222 0.00111267
 0.00110378 0.00111556 0.00111378 0.00112856 0.00113111 0.00111722
 0.00112122 0.00110822 0.00110678 0.00110856 0.00111467 0.00108933
 0.00110589 0.00111256 0.00108956 0.00113211 0.00110122 0.00110467
 0.001104   0.00111778 0.00109278 0.00112822 0.001116   0.00112467
 0.001109   0.00111789 0.00110722 0.00112033 0.00111922 0.001109
 0.001129   0.00110156 0.00111044 0.00110433 0.00109311 0.00111856
 0.00112044 0.00109878 0.00110156 0.00109211 0.00111956 0.00112378
 0.00111067 0.00111856 0.00111756 0.00111989 0.00109556 0.00113178
 0.001105   0.00111744 0.00112167 0.00109878 0.001119   0.001116
 0.00110522 0.00111433 0.00110956 0.00110989 0.00110456 0.00113144
 0.00112056 0.00113778 0.001123   0.00111722 0.00110556 0.00113578
 0.00111267 0.00112544 0.00110833 0.00112322 0.00109933 0.00109089
 0.00110589 0.00110067 0.00110922 0.00112089 0.00110967 0.00112489
 0.00109589 0.001123   0.00109633 0.00112389 0.00111644 0.00111611
 0.00113544 0.00110833 0.00113156 0.00110567 0.00112256 0.00109856
 0.001125   0.00112789 0.00110778 0.001115   0.00111033 0.00111378
 0.00110989 0.00111167 0.00110544 0.00111456 0.00110144 0.00111056
 0.00109967 0.00111978 0.00111722 0.00110222 0.00112744 0.00112322
 0.00109778 0.001114   0.00111478 0.00108578 0.00110467 0.00111778
 0.001118   0.00109533 0.00111311 0.00111011 0.00111356 0.00109233
 0.00111367 0.00113211 0.00109867 0.00110867 0.00111789 0.00111989
 0.00110256 0.00111644 0.00112689 0.00112789 0.00109389 0.00110544
 0.00111167 0.00110111 0.00110767 0.00109344 0.00110256 0.00110356
 0.00110233 0.00112    0.00110889 0.00110222 0.00113022 0.001113
 0.00111333 0.001122   0.00111289 0.001099   0.00110911 0.001101
 0.00113078 0.00113256 0.00111289 0.00111344 0.001103   0.00109289
 0.00113078 0.00112444 0.00110344 0.00112833 0.00111989 0.00109644
 0.00112922 0.00111356 0.00109556 0.00111689 0.00112178 0.00111889
 0.00111789 0.00110989 0.00110911 0.00110033 0.00112289 0.00111111
 0.00109844 0.00110389 0.00110378 0.00110267 0.001112   0.00111811
 0.00111    0.00111878 0.00111244 0.00111278 0.00111144 0.00111156
 0.00111    0.00109833 0.00111356 0.00110189 0.00110967 0.001131
 0.00111089 0.00111422 0.00111289 0.00111744 0.00109556 0.00110411
 0.00110289 0.00111333 0.00110889 0.00109978 0.00111856 0.00109589
 0.00112622 0.00112456 0.00112367 0.00110156 0.00113044 0.00110878
 0.00112922 0.00110167 0.00110911 0.00111111 0.00109122 0.00112033
 0.00112689 0.00110267 0.00110611 0.00110711 0.00111622 0.00110156
 0.001104   0.00113089 0.00109678 0.00109611 0.00110144 0.00109067
 0.00112456 0.00109133 0.00112033 0.00112822 0.00111344 0.00111433
 0.00110244 0.00112756 0.00112044 0.00111956 0.00111411 0.00111467
 0.001115   0.00111622 0.00112378 0.00111944 0.00111278 0.00112189
 0.00109244 0.00110311 0.00109956 0.00109433 0.00110333 0.00111322
 0.00110056 0.00110222 0.00111211 0.00111989 0.00111289 0.00113333
 0.00112267 0.00110944 0.00110989 0.00109933 0.00109244 0.00111678
 0.00110722 0.00110722 0.001104   0.00112911 0.00110278 0.00110567
 0.00109744 0.00111178 0.00110822 0.001108   0.00111444 0.00109878
 0.00109256 0.00108744 0.00111567 0.00109811 0.00108522 0.00110789
 0.00110211 0.00110189 0.00110789 0.00111978 0.00109111 0.00111522
 0.00109811 0.00110844 0.00113256 0.00112267 0.00113056 0.001118
 0.00112111 0.00109644 0.00112356 0.00110222 0.001109   0.001103
 0.00111756 0.00111411 0.001102   0.00112378 0.00111756 0.00110511]
k_list = [   1    5   10   20   50  100  200  500 1000]
diff_list = [1.92552823e+01 7.38083952e+00 3.49482799e+00 1.22200386e+00
 1.46810037e-01 1.07288447e-02 1.10602436e-04 4.68830992e-05
 4.68830996e-05]

[Input degrees]
in_degrees = [11, 11, 15, 10, 15, 15, 18, 15, 11, 16, 15, 24, 10, 24, 14, 11, 15, 12, 18, 22, 20, 13, 17, 15, 13, 15, 17, 8, 16, 11, 7, 15, 15, 17, 9, 17, 18, 14, 19, 14, 16, 13, 17, 14, 15, 21, 20, 21, 14, 19, 13, 11, 12, 17, 13, 9, 13, 11, 13, 15, 11, 12, 14, 13, 10, 14, 18, 24, 16, 18, 17, 13, 19, 15, 16, 16, 16, 16, 21, 13, 17, 21, 20, 16, 18, 18, 18, 10, 8, 14, 18, 19, 10, 23, 11, 17, 16, 12, 22, 18, 21, 17, 21, 21, 25, 13, 18, 21, 16, 19, 22, 21, 19, 19, 13, 15, 17, 11, 16, 10, 17, 10, 16, 14, 17, 31, 25, 23, 23, 19, 26, 23, 19, 22, 14, 20, 15, 17, 19, 16, 18, 17, 12, 24, 22, 14, 21, 11, 22, 13, 17, 16, 17, 17, 21, 13, 26, 17, 13, 17, 10, 13, 20, 17, 19, 14, 19, 24, 19, 16, 20, 11, 22, 21, 12, 14, 18, 14, 19, 8, 10, 13, 16, 23, 19, 20, 16, 24, 23, 17, 12, 25, 23, 15, 20, 22, 22, 20, 28, 24, 19, 14, 14, 16, 19, 18, 17, 8, 15, 11, 22, 13, 15, 19, 18, 15, 17, 14, 15, 24, 19, 16, 23, 26, 28, 20, 27, 14, 16, 28, 24, 21, 24, 14, 17, 21, 19, 11, 12, 15, 15, 17, 17, 19, 14, 18, 20, 22, 14, 21, 25, 19, 22, 21, 24, 16, 18, 24, 20, 21, 17, 23, 18, 30, 17, 19, 25, 19, 11, 12, 15, 12, 23, 13, 17, 19, 18, 20, 18, 23, 25, 20, 22, 19, 24, 25, 22, 15, 23, 27, 24, 18, 24, 19, 17, 21, 29, 20, 16, 19, 12, 18, 19, 16, 21, 18, 26, 14, 22, 23, 15, 24, 19, 22, 18, 22, 23, 15, 20, 24, 21, 15, 20, 28, 16, 18, 15, 15, 17, 15, 21, 15, 16, 15, 22, 16, 17, 16, 22, 23, 23, 12, 25, 20, 23, 19, 22, 20, 18, 19, 22, 19, 21, 22, 27, 21, 18, 12, 13, 17, 11, 14, 14, 16, 20, 16, 24, 22, 25, 28, 25, 15, 25, 17, 28, 19, 18, 28, 23, 29, 19, 23, 21, 19, 16, 12, 13, 26, 12, 11, 8, 17, 16, 20, 22, 18, 16, 17, 18, 22, 18, 18, 24, 20, 19, 20, 28, 24, 24, 20, 21, 23, 21, 24, 24, 22, 20, 22, 13, 8, 9, 21, 17, 14, 16, 18, 26, 20, 13, 14, 10, 21, 20, 25, 24, 22, 17, 31, 15, 24, 29, 17, 16, 12, 17, 20, 23, 17, 16, 13, 13, 9, 19, 13, 20, 20, 12, 18, 26, 31, 14, 18, 18, 23, 25, 16, 18, 24, 20, 14, 24, 11, 20, 30, 12, 16, 20, 17, 14, 18, 15, 14, 18, 19, 20, 23, 23, 16, 15, 21, 17, 18, 20, 15, 21, 21, 19, 18, 15, 22, 19, 18, 19, 16, 28, 23, 17, 15, 14, 16, 22, 16, 13, 19, 15, 19, 22, 16, 21, 24, 19, 25, 24, 13, 26, 22, 18, 23, 19, 14, 24, 24, 23, 19, 23, 25, 19, 17, 15, 9, 16, 11, 14, 15, 15, 12, 26, 17, 20, 23, 21, 23, 16, 20, 21, 22, 31, 22, 19, 21, 17, 20, 18, 28, 25, 20, 21, 17, 11, 15, 17, 15, 11, 23, 20, 17, 17, 22, 19, 20, 20, 21, 16, 20, 18, 28, 24, 27, 19, 21, 21, 24, 21, 19, 21, 14, 16, 25, 21, 16, 15, 13, 14, 17, 17, 21, 24, 13, 24, 13, 19, 25, 19, 26, 15, 17, 18, 25, 13, 18, 22, 22, 20, 17, 19, 23, 16, 17, 14, 17, 18, 17, 15, 22, 20, 17, 18, 16, 18, 21, 31, 22, 19, 21, 18, 22, 22, 30, 17, 21, 15, 21, 18, 14, 17, 15, 10, 22, 19, 10, 12, 20, 20, 11, 13, 17, 16, 19, 14, 31, 23, 18, 25, 15, 22, 19, 17, 20, 19, 18, 21, 13, 23, 19, 22, 17, 20, 15, 14, 14, 16, 17, 15, 17, 17, 14, 24, 16, 22, 13, 23, 16, 20, 15, 18, 12, 20, 29, 21, 23, 16, 17, 15, 15, 19, 16, 14, 13, 15, 8, 20, 15, 18, 21, 12, 17, 18, 21, 18, 21, 18, 28, 15, 20, 20, 25, 24, 20, 17, 15, 20, 21, 19, 18, 27, 14, 19, 9, 14, 13, 12, 12, 20, 15, 22, 20, 20, 17, 12, 20, 12, 15, 14, 14, 18, 24, 18, 23, 16, 25, 21, 15, 23, 17, 20, 14, 14, 15, 15, 15, 16, 17, 19, 18, 19, 24, 20, 17, 19, 24, 18, 17, 14, 18, 12, 19, 18, 17, 11, 19, 20, 23, 9, 14, 18, 20, 21, 15, 6, 14, 12, 17, 15, 18, 9, 9, 16, 18, 21, 20, 17, 20, 14, 11, 29, 18, 14, 19, 18, 18, 22, 20, 15, 21, 20, 16, 9, 19, 18, 20, 14, 15, 18, 13, 13, 12, 16, 17, 8, 11, 17, 17, 15, 18, 13, 12, 15, 14, 14, 18, 15, 14, 10, 14, 22, 16, 16, 15, 15, 17, 6, 15, 12, 14, 16, 16, 13, 8, 14, 19, 9, 16, 13, 16, 13, 13, 15, 11, 18, 15, 13, 12, 23, 15, 14, 8, 20, 11, 12, 17]