 ---------------------------------------------

              TOPOLOGY FILE - v1      

      Author : Teresa Dalle Nogare
      Date :2023-11-20

 ---------------------------------------------

[Nodes] 
N_row = 30, N_col = 30, N = N_row x N_col = 900 
Position of nodes = [(0, 0), (0, 1), (0, 2), (0, 3), (0, 4), (0, 5), (0, 6), (0, 7), (0, 8), (0, 9), (0, 10), (0, 11), (0, 12), (0, 13), (0, 14), (0, 15), (0, 16), (0, 17), (0, 18), (0, 19), (0, 20), (0, 21), (0, 22), (0, 23), (0, 24), (0, 25), (0, 26), (0, 27), (0, 28), (0, 29), (1, 0), (1, 1), (1, 2), (1, 3), (1, 4), (1, 5), (1, 6), (1, 7), (1, 8), (1, 9), (1, 10), (1, 11), (1, 12), (1, 13), (1, 14), (1, 15), (1, 16), (1, 17), (1, 18), (1, 19), (1, 20), (1, 21), (1, 22), (1, 23), (1, 24), (1, 25), (1, 26), (1, 27), (1, 28), (1, 29), (2, 0), (2, 1), (2, 2), (2, 3), (2, 4), (2, 5), (2, 6), (2, 7), (2, 8), (2, 9), (2, 10), (2, 11), (2, 12), (2, 13), (2, 14), (2, 15), (2, 16), (2, 17), (2, 18), (2, 19), (2, 20), (2, 21), (2, 22), (2, 23), (2, 24), (2, 25), (2, 26), (2, 27), (2, 28), (2, 29), (3, 0), (3, 1), (3, 2), (3, 3), (3, 4), (3, 5), (3, 6), (3, 7), (3, 8), (3, 9), (3, 10), (3, 11), (3, 12), (3, 13), (3, 14), (3, 15), (3, 16), (3, 17), (3, 18), (3, 19), (3, 20), (3, 21), (3, 22), (3, 23), (3, 24), (3, 25), (3, 26), (3, 27), (3, 28), (3, 29), (4, 0), (4, 1), (4, 2), (4, 3), (4, 4), (4, 5), (4, 6), (4, 7), (4, 8), (4, 9), (4, 10), (4, 11), (4, 12), (4, 13), (4, 14), (4, 15), (4, 16), (4, 17), (4, 18), (4, 19), (4, 20), (4, 21), (4, 22), (4, 23), (4, 24), (4, 25), (4, 26), (4, 27), (4, 28), (4, 29), (5, 0), (5, 1), (5, 2), (5, 3), (5, 4), (5, 5), (5, 6), (5, 7), (5, 8), (5, 9), (5, 10), (5, 11), (5, 12), (5, 13), (5, 14), (5, 15), (5, 16), (5, 17), (5, 18), (5, 19), (5, 20), (5, 21), (5, 22), (5, 23), (5, 24), (5, 25), (5, 26), (5, 27), (5, 28), (5, 29), (6, 0), (6, 1), (6, 2), (6, 3), (6, 4), (6, 5), (6, 6), (6, 7), (6, 8), (6, 9), (6, 10), (6, 11), (6, 12), (6, 13), (6, 14), (6, 15), (6, 16), (6, 17), (6, 18), (6, 19), (6, 20), (6, 21), (6, 22), (6, 23), (6, 24), (6, 25), (6, 26), (6, 27), (6, 28), (6, 29), (7, 0), (7, 1), (7, 2), (7, 3), (7, 4), (7, 5), (7, 6), (7, 7), (7, 8), (7, 9), (7, 10), (7, 11), (7, 12), (7, 13), (7, 14), (7, 15), (7, 16), (7, 17), (7, 18), (7, 19), (7, 20), (7, 21), (7, 22), (7, 23), (7, 24), (7, 25), (7, 26), (7, 27), (7, 28), (7, 29), (8, 0), (8, 1), (8, 2), (8, 3), (8, 4), (8, 5), (8, 6), (8, 7), (8, 8), (8, 9), (8, 10), (8, 11), (8, 12), (8, 13), (8, 14), (8, 15), (8, 16), (8, 17), (8, 18), (8, 19), (8, 20), (8, 21), (8, 22), (8, 23), (8, 24), (8, 25), (8, 26), (8, 27), (8, 28), (8, 29), (9, 0), (9, 1), (9, 2), (9, 3), (9, 4), (9, 5), (9, 6), (9, 7), (9, 8), (9, 9), (9, 10), (9, 11), (9, 12), (9, 13), (9, 14), (9, 15), (9, 16), (9, 17), (9, 18), (9, 19), (9, 20), (9, 21), (9, 22), (9, 23), (9, 24), (9, 25), (9, 26), (9, 27), (9, 28), (9, 29), (10, 0), (10, 1), (10, 2), (10, 3), (10, 4), (10, 5), (10, 6), (10, 7), (10, 8), (10, 9), (10, 10), (10, 11), (10, 12), (10, 13), (10, 14), (10, 15), (10, 16), (10, 17), (10, 18), (10, 19), (10, 20), (10, 21), (10, 22), (10, 23), (10, 24), (10, 25), (10, 26), (10, 27), (10, 28), (10, 29), (11, 0), (11, 1), (11, 2), (11, 3), (11, 4), (11, 5), (11, 6), (11, 7), (11, 8), (11, 9), (11, 10), (11, 11), (11, 12), (11, 13), (11, 14), (11, 15), (11, 16), (11, 17), (11, 18), (11, 19), (11, 20), (11, 21), (11, 22), (11, 23), (11, 24), (11, 25), (11, 26), (11, 27), (11, 28), (11, 29), (12, 0), (12, 1), (12, 2), (12, 3), (12, 4), (12, 5), (12, 6), (12, 7), (12, 8), (12, 9), (12, 10), (12, 11), (12, 12), (12, 13), (12, 14), (12, 15), (12, 16), (12, 17), (12, 18), (12, 19), (12, 20), (12, 21), (12, 22), (12, 23), (12, 24), (12, 25), (12, 26), (12, 27), (12, 28), (12, 29), (13, 0), (13, 1), (13, 2), (13, 3), (13, 4), (13, 5), (13, 6), (13, 7), (13, 8), (13, 9), (13, 10), (13, 11), (13, 12), (13, 13), (13, 14), (13, 15), (13, 16), (13, 17), (13, 18), (13, 19), (13, 20), (13, 21), (13, 22), (13, 23), (13, 24), (13, 25), (13, 26), (13, 27), (13, 28), (13, 29), (14, 0), (14, 1), (14, 2), (14, 3), (14, 4), (14, 5), (14, 6), (14, 7), (14, 8), (14, 9), (14, 10), (14, 11), (14, 12), (14, 13), (14, 14), (14, 15), (14, 16), (14, 17), (14, 18), (14, 19), (14, 20), (14, 21), (14, 22), (14, 23), (14, 24), (14, 25), (14, 26), (14, 27), (14, 28), (14, 29), (15, 0), (15, 1), (15, 2), (15, 3), (15, 4), (15, 5), (15, 6), (15, 7), (15, 8), (15, 9), (15, 10), (15, 11), (15, 12), (15, 13), (15, 14), (15, 15), (15, 16), (15, 17), (15, 18), (15, 19), (15, 20), (15, 21), (15, 22), (15, 23), (15, 24), (15, 25), (15, 26), (15, 27), (15, 28), (15, 29), (16, 0), (16, 1), (16, 2), (16, 3), (16, 4), (16, 5), (16, 6), (16, 7), (16, 8), (16, 9), (16, 10), (16, 11), (16, 12), (16, 13), (16, 14), (16, 15), (16, 16), (16, 17), (16, 18), (16, 19), (16, 20), (16, 21), (16, 22), (16, 23), (16, 24), (16, 25), (16, 26), (16, 27), (16, 28), (16, 29), (17, 0), (17, 1), (17, 2), (17, 3), (17, 4), (17, 5), (17, 6), (17, 7), (17, 8), (17, 9), (17, 10), (17, 11), (17, 12), (17, 13), (17, 14), (17, 15), (17, 16), (17, 17), (17, 18), (17, 19), (17, 20), (17, 21), (17, 22), (17, 23), (17, 24), (17, 25), (17, 26), (17, 27), (17, 28), (17, 29), (18, 0), (18, 1), (18, 2), (18, 3), (18, 4), (18, 5), (18, 6), (18, 7), (18, 8), (18, 9), (18, 10), (18, 11), (18, 12), (18, 13), (18, 14), (18, 15), (18, 16), (18, 17), (18, 18), (18, 19), (18, 20), (18, 21), (18, 22), (18, 23), (18, 24), (18, 25), (18, 26), (18, 27), (18, 28), (18, 29), (19, 0), (19, 1), (19, 2), (19, 3), (19, 4), (19, 5), (19, 6), (19, 7), (19, 8), (19, 9), (19, 10), (19, 11), (19, 12), (19, 13), (19, 14), (19, 15), (19, 16), (19, 17), (19, 18), (19, 19), (19, 20), (19, 21), (19, 22), (19, 23), (19, 24), (19, 25), (19, 26), (19, 27), (19, 28), (19, 29), (20, 0), (20, 1), (20, 2), (20, 3), (20, 4), (20, 5), (20, 6), (20, 7), (20, 8), (20, 9), (20, 10), (20, 11), (20, 12), (20, 13), (20, 14), (20, 15), (20, 16), (20, 17), (20, 18), (20, 19), (20, 20), (20, 21), (20, 22), (20, 23), (20, 24), (20, 25), (20, 26), (20, 27), (20, 28), (20, 29), (21, 0), (21, 1), (21, 2), (21, 3), (21, 4), (21, 5), (21, 6), (21, 7), (21, 8), (21, 9), (21, 10), (21, 11), (21, 12), (21, 13), (21, 14), (21, 15), (21, 16), (21, 17), (21, 18), (21, 19), (21, 20), (21, 21), (21, 22), (21, 23), (21, 24), (21, 25), (21, 26), (21, 27), (21, 28), (21, 29), (22, 0), (22, 1), (22, 2), (22, 3), (22, 4), (22, 5), (22, 6), (22, 7), (22, 8), (22, 9), (22, 10), (22, 11), (22, 12), (22, 13), (22, 14), (22, 15), (22, 16), (22, 17), (22, 18), (22, 19), (22, 20), (22, 21), (22, 22), (22, 23), (22, 24), (22, 25), (22, 26), (22, 27), (22, 28), (22, 29), (23, 0), (23, 1), (23, 2), (23, 3), (23, 4), (23, 5), (23, 6), (23, 7), (23, 8), (23, 9), (23, 10), (23, 11), (23, 12), (23, 13), (23, 14), (23, 15), (23, 16), (23, 17), (23, 18), (23, 19), (23, 20), (23, 21), (23, 22), (23, 23), (23, 24), (23, 25), (23, 26), (23, 27), (23, 28), (23, 29), (24, 0), (24, 1), (24, 2), (24, 3), (24, 4), (24, 5), (24, 6), (24, 7), (24, 8), (24, 9), (24, 10), (24, 11), (24, 12), (24, 13), (24, 14), (24, 15), (24, 16), (24, 17), (24, 18), (24, 19), (24, 20), (24, 21), (24, 22), (24, 23), (24, 24), (24, 25), (24, 26), (24, 27), (24, 28), (24, 29), (25, 0), (25, 1), (25, 2), (25, 3), (25, 4), (25, 5), (25, 6), (25, 7), (25, 8), (25, 9), (25, 10), (25, 11), (25, 12), (25, 13), (25, 14), (25, 15), (25, 16), (25, 17), (25, 18), (25, 19), (25, 20), (25, 21), (25, 22), (25, 23), (25, 24), (25, 25), (25, 26), (25, 27), (25, 28), (25, 29), (26, 0), (26, 1), (26, 2), (26, 3), (26, 4), (26, 5), (26, 6), (26, 7), (26, 8), (26, 9), (26, 10), (26, 11), (26, 12), (26, 13), (26, 14), (26, 15), (26, 16), (26, 17), (26, 18), (26, 19), (26, 20), (26, 21), (26, 22), (26, 23), (26, 24), (26, 25), (26, 26), (26, 27), (26, 28), (26, 29), (27, 0), (27, 1), (27, 2), (27, 3), (27, 4), (27, 5), (27, 6), (27, 7), (27, 8), (27, 9), (27, 10), (27, 11), (27, 12), (27, 13), (27, 14), (27, 15), (27, 16), (27, 17), (27, 18), (27, 19), (27, 20), (27, 21), (27, 22), (27, 23), (27, 24), (27, 25), (27, 26), (27, 27), (27, 28), (27, 29), (28, 0), (28, 1), (28, 2), (28, 3), (28, 4), (28, 5), (28, 6), (28, 7), (28, 8), (28, 9), (28, 10), (28, 11), (28, 12), (28, 13), (28, 14), (28, 15), (28, 16), (28, 17), (28, 18), (28, 19), (28, 20), (28, 21), (28, 22), (28, 23), (28, 24), (28, 25), (28, 26), (28, 27), (28, 28), (28, 29), (29, 0), (29, 1), (29, 2), (29, 3), (29, 4), (29, 5), (29, 6), (29, 7), (29, 8), (29, 9), (29, 10), (29, 11), (29, 12), (29, 13), (29, 14), (29, 15), (29, 16), (29, 17), (29, 18), (29, 19), (29, 20), (29, 21), (29, 22), (29, 23), (29, 24), (29, 25), (29, 26), (29, 27), (29, 28), (29, 29)]
[Population data] 
Average population per node = 10000.0 
Total population = 9000000.0

choice bool = 1 - non uniform population (heterogeneous network) 
number of fixed nodes = 90
Index fixed nodes = [336, 626, 712, 116, 337, 332, 369, 898, 517, 770, 4, 346, 65, 462, 732, 822, 84, 54, 309, 174, 171, 681, 403, 820, 845, 560, 382, 285, 720, 783, 434, 324, 360, 617, 76, 892, 825, 445, 699, 344, 94, 649, 478, 474, 761, 380, 443, 778, 86, 133, 255, 655, 573, 466, 121, 461, 259, 791, 286, 376, 796, 654, 450, 610, 631, 803, 406, 575, 343, 47, 402, 446, 647, 872, 229, 730, 143, 614, 394, 219, 27, 738, 552, 604, 199, 241, 290, 531, 351, 828]
percentage of population in fixed nodes = 20

[Initial configuration]
Node population 0: [ 8855  8829  8851  9012 20051  9042  8801  8837  8879  8845  8983  8820
  9071  8883  9044  8955  8872  8959  8853  8823  8972  8958  8892  8890
  8873  8792  8937 19815  9013  8830  8858  8968  8888  8912  8803  8859
  8738  8969  8947  9022  8975  8889  8925  8893  8813  8857  8639 19993
  8613  8769  8851  8774  8960  8763 19893  8851  8746  8979  8924  8869
  8810  8974  9005  9029  8975 20123  8967  8662  8963  8911  9001  8839
  8964  8808  8760  8911 20022  8926  8942  8942  8909  8867  8787  9014
 19879  8967 20069  8828  8854  8869  8745  8858  8718  9008 20123  8803
  8842  8831  8962  8836  8874  8882  8818  8876  8968  8875  8674  9031
  8836  8726  8857  8797  8778  9042  8946  8805 20038  8832  8912  8862
  8864 20444  8799  8927  8861  9063  8930  9025  8786  8792  8868  8802
  8768 20089  8892  8951  8778  8890  8808  8867  8910  8841  8867 19832
  8862  8985  8768  8801  8882  9045  8877  8745  8928  8919  8991  8767
  8894  8933  8895  8738  8996  8826  8677  8916  8926  9021  8924  8874
  8833  8903  8968 20146  8877  8755 19990  8771  8897  8911  8850  8974
  8849  8916  9073  9071  8871  8807  8875  8916  8909  8867  8835  8894
  8859  8944  8811  9028  8839  8917  9085 19717  8922  8976  8759  8979
  8929  8956  8749  8840  8918  8768  8960  9004  8804  8876  8895  9022
  8787  8995  8959 19972  9024  8882  8898  8924  8887  9051  8808  8909
  8901 20039  8887  8878  8679  8940  8883  8818  8956  8888  9057  9042
  8581 20155  8956  8938  8805  8827  8782  8918  8874  8933  8947  8963
  8874  8779  9005 19861  8753  8874  9051 19901  8829  8965  8866  8787
  9096  8839  8897  8898  8855  8825  8784  8923  8789  8818  8954  8837
  8886  8919  8981  8912  8864  8980  9054  8969  8921 20109 19923  8907
  9171  8877 19960  8933  8874  8728  8981  8936  9015  9004  8961  9046
  8914  8831  8910  8953  8924  8835  8795  8812  8965 20007  8944  9000
  8932  8909  8881  8810  8927  8842  9044  8876  8849  8808  8844  8756
 20001  8972  8913  8772  8935  8697  9007  8862 20054  8956  8821  8949
 19887 19844  8705  9045  8724  8954  8775 20000 20130  8842 19895  8798
  8895  8824  8915 20044  8823  8825  9059  8849  8856  8841  8869  8872
 20153  8881  8946  9040  8954  8874  8696  8865  8856 20042  9051  8894
  8761  9023  8820  8816 19994  8805  8868  8949 20143  8942 20159  8792
  8937  8803  8847  8885  8894  8943  8861  8795  9039  8856 19834  8734
  8844  8939  8878  8857  8907  8731 19981 19969  8918  8964 19965  8924
  9047  8890  8768  8849  8855  8845  8881  8957  8812  8785  8800  8926
  8926  8817  8840  8769  8847  8969  8789  8913  8938  8780  8999  8888
  8981  8802 19965  8846  8950  8753  8960  8942  9028  8841  9027 19961
  9021 20103 20177  8879  8843  8804 20106  8863  8895  9070  9054  8986
  8790  8851  8769  8803  8860 20123 19848  8798  8894  8979 19829  8971
  9017  8996  8840  8783  8941  8924 19950  8861  8926  8884 19984  9019
  8828  8696  8966  8775  8991  8835  8893  8893  9046  8995  9055  8801
  8889  8878  8887  9036  8924  8894  9009  8948  8913  8958  9017  8915
  8914  8892  8871  8919  9015  9016  9065  8975  8948  8742  8831  9060
  8778 19774  8841  9004  8897  8789  8957  8886  8935  8984  8899  8930
  8871  8876  8836 19922  8705  8754  8706  8905  8816  8895  8915  8831
  8882  8940  8815  8867  8826  8935  8998  8871  8872  8966  8980  8947
 19830  8819  8766  8911  8896  8888  8863  8948 19897  8884  8952  8882
  8760  8806  8859  8844  9048  8870  8933  8834  8861 19952  8834 19842
  8701  8905  8917  8988  8719  8800  8888  8744  8813  8887  8931  8811
  9007  8681  8906  8811  8725  8932  9029  8860  8989  8873  8993  8786
  8944  8860  8728  9056 19973  8974  8929  8963  8991  8901 19883  8883
  9004  8868 20142  8858  8892 19912  8890  8745  8851  8939  8896  8854
  8782  8784 19981  8949  8981  8906  8978 19808  8813  8686  8781  8874
  8912  9064  8798  8837  8961  8929  8897  8848  8895  8924  8856 20195
  8906 20054  8883  8826  8931  8895 20125 19997  8885  8731  8932  8892
  8914  8833  8695  8933  8696  8812  8829  9181  8956  9049  8934  8893
  8866  8837  9168  9070  8946  8929  8797  9067  9131 19992  8888  8919
  8802  9078  8852  9029  8703  8882  8957  8858  8799  8913  8772  8859
  8807  8798  8764 19915  8925  8974  8894  8901  8868  8891  8890  8856
  8801  9030  8812  8835 20203  9012  8678  9056  8760  8967  8970  8780
 20223  8919  8973  8946  8862  8939  8776  8945  8851  8968 19934  8706
 20087  8984  8769  8836  8765  8967 19884  8729  8838  8959  8922  8987
  8870  8979  8953  8857  8947  8713  8832  8891  8792  8767  9073  8950
  8999  8826  8936  8911  8974 19872  8865  8988  8657  8815  8874  8831
  8701  8883 20009  9065  8895  8793  8875  8958  8735  8762 20185  8972
  9093  8788  9083 19979  8862  8867  8985  8907  8812  9019  8806 19965
  8821  9079  8748  8793 20006  8885  8837  8977  9052  8720  8794 19980
  8917  8863  8960  8977  9027  8796  8797  8985  8943  8950  8842  9035
  8932  8763  8877  8893 20191  9030 20211  8875  9032 20142  9005  8885
 19970  8821  8850  9005  8939  8827  8934  9015  8758  8731  8951  8864
  8991  8865  8920  8915  8738 19972  9017  8941  8837  8825  8983  8798
  8906  8845  8850  8890  8698  8827  8875  8985  8939  8631  8710  8746
  8839  8726  8911  8883  8856  8804  8761  8786 20020  8752  8817  8940
  8987  8865  8777  8899  8913  8784  9136  9045  9048  9016  9033  8966
  8955  8900  8796  9055 19740  8899  8875  8898  8961  8933 19941  8950]

[Connectivity]
Strong connection = True
a = 0.2
b = 0.9672161004820059

[PF convergence]
rho0 = [[0.00098389 0.000981   0.00098344 0.00100133 0.00222789 0.00100467
  0.00097789 0.00098189 0.00098656 0.00098278 0.00099811 0.00098
  0.00100789 0.000987   0.00100489 0.000995   0.00098578 0.00099544
  0.00098367 0.00098033 0.00099689 0.00099533 0.000988   0.00098778
  0.00098589 0.00097689 0.000993   0.00220167 0.00100144 0.00098111
  0.00098422 0.00099644 0.00098756 0.00099022 0.00097811 0.00098433
  0.00097089 0.00099656 0.00099411 0.00100244 0.00099722 0.00098767
  0.00099167 0.00098811 0.00097922 0.00098411 0.00095989 0.00222144
  0.000957   0.00097433 0.00098344 0.00097489 0.00099556 0.00097367
  0.00221033 0.00098344 0.00097178 0.00099767 0.00099156 0.00098544
  0.00097889 0.00099711 0.00100056 0.00100322 0.00099722 0.00223589
  0.00099633 0.00096244 0.00099589 0.00099011 0.00100011 0.00098211
  0.000996   0.00097867 0.00097333 0.00099011 0.00222467 0.00099178
  0.00099356 0.00099356 0.00098989 0.00098522 0.00097633 0.00100156
  0.00220878 0.00099633 0.00222989 0.00098089 0.00098378 0.00098544
  0.00097167 0.00098422 0.00096867 0.00100089 0.00223589 0.00097811
  0.00098244 0.00098122 0.00099578 0.00098178 0.000986   0.00098689
  0.00097978 0.00098622 0.00099644 0.00098611 0.00096378 0.00100344
  0.00098178 0.00096956 0.00098411 0.00097744 0.00097533 0.00100467
  0.000994   0.00097833 0.00222644 0.00098133 0.00099022 0.00098467
  0.00098489 0.00227156 0.00097767 0.00099189 0.00098456 0.001007
  0.00099222 0.00100278 0.00097622 0.00097689 0.00098533 0.000978
  0.00097422 0.00223211 0.000988   0.00099456 0.00097533 0.00098778
  0.00097867 0.00098522 0.00099    0.00098233 0.00098522 0.00220356
  0.00098467 0.00099833 0.00097422 0.00097789 0.00098689 0.001005
  0.00098633 0.00097167 0.000992   0.000991   0.000999   0.00097411
  0.00098822 0.00099256 0.00098833 0.00097089 0.00099956 0.00098067
  0.00096411 0.00099067 0.00099178 0.00100233 0.00099156 0.000986
  0.00098144 0.00098922 0.00099644 0.00223844 0.00098633 0.00097278
  0.00222111 0.00097456 0.00098856 0.00099011 0.00098333 0.00099711
  0.00098322 0.00099067 0.00100811 0.00100789 0.00098567 0.00097856
  0.00098611 0.00099067 0.00098989 0.00098522 0.00098167 0.00098822
  0.00098433 0.00099378 0.000979   0.00100311 0.00098211 0.00099078
  0.00100944 0.00219078 0.00099133 0.00099733 0.00097322 0.00099767
  0.00099211 0.00099511 0.00097211 0.00098222 0.00099089 0.00097422
  0.00099556 0.00100044 0.00097822 0.00098622 0.00098833 0.00100244
  0.00097633 0.00099944 0.00099544 0.00221911 0.00100267 0.00098689
  0.00098867 0.00099156 0.00098744 0.00100567 0.00097867 0.00098989
  0.000989   0.00222656 0.00098744 0.00098644 0.00096433 0.00099333
  0.000987   0.00097978 0.00099511 0.00098756 0.00100633 0.00100467
  0.00095344 0.00223944 0.00099511 0.00099311 0.00097833 0.00098078
  0.00097578 0.00099089 0.000986   0.00099256 0.00099411 0.00099589
  0.000986   0.00097544 0.00100056 0.00220678 0.00097256 0.000986
  0.00100567 0.00221122 0.000981   0.00099611 0.00098511 0.00097633
  0.00101067 0.00098211 0.00098856 0.00098867 0.00098389 0.00098056
  0.000976   0.00099144 0.00097656 0.00097978 0.00099489 0.00098189
  0.00098733 0.000991   0.00099789 0.00099022 0.00098489 0.00099778
  0.001006   0.00099656 0.00099122 0.00223433 0.00221367 0.00098967
  0.001019   0.00098633 0.00221778 0.00099256 0.000986   0.00096978
  0.00099789 0.00099289 0.00100167 0.00100044 0.00099567 0.00100511
  0.00099044 0.00098122 0.00099    0.00099478 0.00099156 0.00098167
  0.00097722 0.00097911 0.00099611 0.002223   0.00099378 0.001
  0.00099244 0.00098989 0.00098678 0.00097889 0.00099189 0.00098244
  0.00100489 0.00098622 0.00098322 0.00097867 0.00098267 0.00097289
  0.00222233 0.00099689 0.00099033 0.00097467 0.00099278 0.00096633
  0.00100078 0.00098467 0.00222822 0.00099511 0.00098011 0.00099433
  0.00220967 0.00220489 0.00096722 0.001005   0.00096933 0.00099489
  0.000975   0.00222222 0.00223667 0.00098244 0.00221056 0.00097756
  0.00098833 0.00098044 0.00099056 0.00222711 0.00098033 0.00098056
  0.00100656 0.00098322 0.000984   0.00098233 0.00098544 0.00098578
  0.00223922 0.00098678 0.000994   0.00100444 0.00099489 0.000986
  0.00096622 0.000985   0.000984   0.00222689 0.00100567 0.00098822
  0.00097344 0.00100256 0.00098    0.00097956 0.00222156 0.00097833
  0.00098533 0.00099433 0.00223811 0.00099356 0.00223989 0.00097689
  0.000993   0.00097811 0.000983   0.00098722 0.00098822 0.00099367
  0.00098456 0.00097722 0.00100433 0.000984   0.00220378 0.00097044
  0.00098267 0.00099322 0.00098644 0.00098411 0.00098967 0.00097011
  0.00222011 0.00221878 0.00099089 0.000996   0.00221833 0.00099156
  0.00100522 0.00098778 0.00097422 0.00098322 0.00098389 0.00098278
  0.00098678 0.00099522 0.00097911 0.00097611 0.00097778 0.00099178
  0.00099178 0.00097967 0.00098222 0.00097433 0.000983   0.00099656
  0.00097656 0.00099033 0.00099311 0.00097556 0.00099989 0.00098756
  0.00099789 0.000978   0.00221833 0.00098289 0.00099444 0.00097256
  0.00099556 0.00099356 0.00100311 0.00098233 0.001003   0.00221789
  0.00100233 0.00223367 0.00224189 0.00098656 0.00098256 0.00097822
  0.002234   0.00098478 0.00098833 0.00100778 0.001006   0.00099844
  0.00097667 0.00098344 0.00097433 0.00097811 0.00098444 0.00223589
  0.00220533 0.00097756 0.00098822 0.00099767 0.00220322 0.00099678
  0.00100189 0.00099956 0.00098222 0.00097589 0.00099344 0.00099156
  0.00221667 0.00098456 0.00099178 0.00098711 0.00222044 0.00100211
  0.00098089 0.00096622 0.00099622 0.000975   0.000999   0.00098167
  0.00098811 0.00098811 0.00100511 0.00099944 0.00100611 0.00097789
  0.00098767 0.00098644 0.00098744 0.001004   0.00099156 0.00098822
  0.001001   0.00099422 0.00099033 0.00099533 0.00100189 0.00099056
  0.00099044 0.000988   0.00098567 0.000991   0.00100167 0.00100178
  0.00100722 0.00099722 0.00099422 0.00097133 0.00098122 0.00100667
  0.00097533 0.00219711 0.00098233 0.00100044 0.00098856 0.00097656
  0.00099522 0.00098733 0.00099278 0.00099822 0.00098878 0.00099222
  0.00098567 0.00098622 0.00098178 0.00221356 0.00096722 0.00097267
  0.00096733 0.00098944 0.00097956 0.00098833 0.00099056 0.00098122
  0.00098689 0.00099333 0.00097944 0.00098522 0.00098067 0.00099278
  0.00099978 0.00098567 0.00098578 0.00099622 0.00099778 0.00099411
  0.00220333 0.00097989 0.000974   0.00099011 0.00098844 0.00098756
  0.00098478 0.00099422 0.00221078 0.00098711 0.00099467 0.00098689
  0.00097333 0.00097844 0.00098433 0.00098267 0.00100533 0.00098556
  0.00099256 0.00098156 0.00098456 0.00221689 0.00098156 0.00220467
  0.00096678 0.00098944 0.00099078 0.00099867 0.00096878 0.00097778
  0.00098756 0.00097156 0.00097922 0.00098744 0.00099233 0.000979
  0.00100078 0.00096456 0.00098956 0.000979   0.00096944 0.00099244
  0.00100322 0.00098444 0.00099878 0.00098589 0.00099922 0.00097622
  0.00099378 0.00098444 0.00096978 0.00100622 0.00221922 0.00099711
  0.00099211 0.00099589 0.000999   0.000989   0.00220922 0.000987
  0.00100044 0.00098533 0.002238   0.00098422 0.000988   0.00221244
  0.00098778 0.00097167 0.00098344 0.00099322 0.00098844 0.00098378
  0.00097578 0.000976   0.00222011 0.00099433 0.00099789 0.00098956
  0.00099756 0.00220089 0.00097922 0.00096511 0.00097567 0.000986
  0.00099022 0.00100711 0.00097756 0.00098189 0.00099567 0.00099211
  0.00098856 0.00098311 0.00098833 0.00099156 0.000984   0.00224389
  0.00098956 0.00222822 0.000987   0.00098067 0.00099233 0.00098833
  0.00223611 0.00222189 0.00098722 0.00097011 0.00099244 0.000988
  0.00099044 0.00098144 0.00096611 0.00099256 0.00096622 0.00097911
  0.000981   0.00102011 0.00099511 0.00100544 0.00099267 0.00098811
  0.00098511 0.00098189 0.00101867 0.00100778 0.000994   0.00099211
  0.00097744 0.00100744 0.00101456 0.00222133 0.00098756 0.000991
  0.000978   0.00100867 0.00098356 0.00100322 0.000967   0.00098689
  0.00099522 0.00098422 0.00097767 0.00099033 0.00097467 0.00098433
  0.00097856 0.00097756 0.00097378 0.00221278 0.00099167 0.00099711
  0.00098822 0.000989   0.00098533 0.00098789 0.00098778 0.000984
  0.00097789 0.00100333 0.00097911 0.00098167 0.00224478 0.00100133
  0.00096422 0.00100622 0.00097333 0.00099633 0.00099667 0.00097556
  0.002247   0.000991   0.000997   0.000994   0.00098467 0.00099322
  0.00097511 0.00099389 0.00098344 0.00099644 0.00221489 0.00096733
  0.00223189 0.00099822 0.00097433 0.00098178 0.00097389 0.00099633
  0.00220933 0.00096989 0.000982   0.00099544 0.00099133 0.00099856
  0.00098556 0.00099767 0.00099478 0.00098411 0.00099411 0.00096811
  0.00098133 0.00098789 0.00097689 0.00097411 0.00100811 0.00099444
  0.00099989 0.00098067 0.00099289 0.00099011 0.00099711 0.002208
  0.000985   0.00099867 0.00096189 0.00097944 0.000986   0.00098122
  0.00096678 0.000987   0.00222322 0.00100722 0.00098833 0.000977
  0.00098611 0.00099533 0.00097056 0.00097356 0.00224278 0.00099689
  0.00101033 0.00097644 0.00100922 0.00221989 0.00098467 0.00098522
  0.00099833 0.00098967 0.00097911 0.00100211 0.00097844 0.00221833
  0.00098011 0.00100878 0.000972   0.000977   0.00222289 0.00098722
  0.00098189 0.00099744 0.00100578 0.00096889 0.00097711 0.00222
  0.00099078 0.00098478 0.00099556 0.00099744 0.001003   0.00097733
  0.00097744 0.00099833 0.00099367 0.00099444 0.00098244 0.00100389
  0.00099244 0.00097367 0.00098633 0.00098811 0.00224344 0.00100333
  0.00224567 0.00098611 0.00100356 0.002238   0.00100056 0.00098722
  0.00221889 0.00098011 0.00098333 0.00100056 0.00099322 0.00098078
  0.00099267 0.00100167 0.00097311 0.00097011 0.00099456 0.00098489
  0.000999   0.000985   0.00099111 0.00099056 0.00097089 0.00221911
  0.00100189 0.00099344 0.00098189 0.00098056 0.00099811 0.00097756
  0.00098956 0.00098278 0.00098333 0.00098778 0.00096644 0.00098078
  0.00098611 0.00099833 0.00099322 0.000959   0.00096778 0.00097178
  0.00098211 0.00096956 0.00099011 0.000987   0.000984   0.00097822
  0.00097344 0.00097622 0.00222444 0.00097244 0.00097967 0.00099333
  0.00099856 0.000985   0.00097522 0.00098878 0.00099033 0.000976
  0.00101511 0.001005   0.00100533 0.00100178 0.00100367 0.00099622
  0.000995   0.00098889 0.00097733 0.00100611 0.00219333 0.00098878
  0.00098611 0.00098867 0.00099567 0.00099256 0.00221567 0.00099444]]
k_list = [   1    5   10   20   50  100  200  500 1000]
diff_list = [22.95845144 12.89643568  8.32818952  4.66717736  1.85534692  0.96123844
  0.52009419  0.13203978  0.05823289]

[Input degrees]
in_degrees = [6, 8, 9, 9, 12, 9, 9, 10, 9, 11, 4, 14, 9, 4, 8, 8, 7, 6, 9, 4, 7, 7, 11, 5, 9, 8, 11, 16, 5, 6, 3, 7, 8, 10, 12, 10, 9, 11, 9, 11, 4, 10, 11, 8, 10, 11, 9, 11, 6, 9, 9, 6, 9, 12, 14, 7, 4, 6, 13, 5, 6, 7, 9, 5, 12, 15, 14, 8, 4, 5, 6, 13, 8, 13, 8, 4, 16, 7, 9, 10, 9, 10, 9, 8, 12, 9, 14, 14, 5, 5, 9, 6, 12, 14, 13, 12, 8, 12, 8, 10, 6, 11, 10, 6, 6, 7, 11, 6, 11, 11, 9, 9, 6, 9, 5, 8, 16, 4, 8, 8, 7, 14, 7, 12, 9, 18, 10, 10, 15, 8, 14, 6, 6, 20, 11, 7, 11, 10, 6, 8, 10, 11, 15, 12, 6, 5, 13, 5, 2, 8, 5, 9, 13, 11, 13, 13, 8, 7, 10, 14, 8, 11, 17, 10, 6, 11, 8, 12, 11, 15, 16, 14, 10, 13, 21, 9, 9, 13, 8, 9, 6, 9, 9, 10, 10, 9, 7, 10, 9, 6, 11, 9, 10, 10, 9, 12, 13, 3, 7, 25, 9, 11, 10, 10, 12, 11, 15, 10, 6, 8, 9, 8, 10, 7, 11, 7, 5, 8, 13, 21, 7, 6, 12, 3, 10, 13, 12, 8, 15, 22, 9, 11, 11, 10, 16, 6, 10, 8, 6, 9, 9, 25, 9, 7, 7, 8, 13, 12, 12, 11, 11, 13, 11, 10, 5, 13, 14, 10, 5, 19, 10, 10, 13, 12, 7, 8, 10, 5, 9, 7, 6, 3, 10, 11, 10, 11, 5, 8, 7, 8, 6, 14, 14, 13, 13, 20, 25, 13, 8, 11, 18, 6, 8, 4, 6, 10, 11, 8, 10, 5, 6, 8, 8, 14, 4, 17, 8, 12, 12, 18, 7, 18, 14, 13, 7, 11, 11, 8, 14, 14, 13, 13, 9, 5, 19, 10, 13, 6, 5, 14, 3, 8, 15, 7, 10, 10, 21, 12, 8, 8, 9, 12, 8, 27, 25, 15, 16, 11, 14, 13, 15, 18, 11, 10, 5, 13, 10, 13, 9, 6, 13, 12, 13, 4, 9, 5, 12, 6, 15, 18, 6, 15, 9, 11, 11, 10, 25, 9, 11, 12, 24, 8, 10, 6, 12, 8, 12, 8, 6, 7, 10, 8, 11, 10, 21, 8, 6, 16, 7, 7, 9, 8, 18, 16, 9, 9, 23, 11, 9, 12, 15, 12, 11, 10, 13, 4, 6, 15, 8, 8, 9, 9, 9, 16, 10, 7, 10, 17, 11, 8, 7, 11, 16, 14, 27, 7, 14, 9, 18, 11, 15, 9, 11, 14, 13, 22, 17, 10, 6, 11, 15, 7, 6, 9, 12, 13, 13, 12, 11, 12, 12, 19, 27, 14, 6, 12, 24, 14, 11, 7, 14, 12, 13, 10, 19, 18, 7, 7, 11, 4, 11, 11, 11, 8, 14, 10, 9, 8, 13, 9, 6, 11, 4, 9, 11, 13, 13, 12, 11, 11, 9, 13, 12, 11, 15, 9, 10, 7, 10, 5, 4, 8, 13, 14, 10, 8, 16, 21, 8, 7, 6, 25, 8, 16, 11, 12, 10, 8, 8, 12, 8, 30, 9, 5, 10, 12, 8, 6, 11, 11, 13, 12, 9, 13, 8, 11, 8, 9, 8, 8, 7, 8, 25, 6, 16, 8, 8, 10, 8, 12, 19, 6, 4, 17, 7, 10, 9, 9, 7, 8, 12, 7, 10, 20, 16, 12, 8, 9, 8, 16, 11, 3, 8, 5, 8, 6, 10, 6, 7, 6, 9, 13, 11, 11, 6, 7, 4, 9, 5, 9, 12, 5, 8, 5, 26, 9, 8, 8, 9, 8, 15, 13, 9, 11, 29, 14, 12, 22, 12, 8, 7, 12, 11, 7, 11, 11, 20, 11, 9, 5, 9, 16, 9, 11, 8, 10, 12, 10, 15, 14, 6, 9, 9, 13, 12, 14, 4, 19, 17, 23, 9, 9, 8, 7, 27, 14, 10, 11, 5, 6, 10, 8, 12, 12, 12, 9, 16, 9, 13, 15, 8, 10, 12, 14, 9, 7, 9, 12, 9, 9, 14, 21, 12, 10, 11, 8, 10, 9, 5, 5, 4, 8, 9, 10, 9, 7, 8, 15, 11, 14, 8, 10, 7, 3, 13, 15, 10, 9, 9, 11, 7, 13, 22, 9, 3, 10, 7, 12, 13, 6, 17, 7, 6, 8, 11, 12, 7, 7, 7, 7, 19, 12, 24, 7, 12, 10, 11, 13, 20, 9, 7, 11, 6, 10, 6, 4, 8, 13, 9, 8, 4, 7, 5, 7, 12, 14, 11, 6, 12, 8, 5, 14, 13, 14, 10, 9, 9, 8, 10, 13, 14, 4, 10, 9, 7, 6, 5, 7, 12, 13, 11, 12, 5, 21, 9, 10, 8, 9, 12, 9, 13, 15, 12, 4, 11, 9, 25, 12, 8, 9, 14, 8, 11, 21, 10, 8, 11, 11, 6, 7, 11, 6, 14, 7, 8, 10, 4, 9, 9, 8, 12, 14, 16, 6, 9, 13, 15, 8, 16, 14, 8, 8, 6, 8, 6, 5, 8, 9, 6, 12, 8, 10, 9, 13, 10, 10, 7, 11, 8, 7, 9, 9, 9, 10, 6, 10, 10, 7, 6, 3, 8, 9, 6, 6, 5, 8, 8, 6, 6, 4, 6, 8, 14, 12, 12, 7, 8, 7, 9, 9, 11, 8, 4, 9, 2, 6, 11, 6, 6, 8, 8, 5, 10, 12, 6, 11, 6, 4, 14, 8]