 ---------------------------------------------

              TOPOLOGY FILE - v1      

      Author : Teresa Dalle Nogare
      Date :2023-11-20

 ---------------------------------------------

[Nodes] 
N_row = 30, N_col = 30, N = N_row x N_col = 900 
Position of nodes = [(0, 0), (0, 1), (0, 2), (0, 3), (0, 4), (0, 5), (0, 6), (0, 7), (0, 8), (0, 9), (0, 10), (0, 11), (0, 12), (0, 13), (0, 14), (0, 15), (0, 16), (0, 17), (0, 18), (0, 19), (0, 20), (0, 21), (0, 22), (0, 23), (0, 24), (0, 25), (0, 26), (0, 27), (0, 28), (0, 29), (1, 0), (1, 1), (1, 2), (1, 3), (1, 4), (1, 5), (1, 6), (1, 7), (1, 8), (1, 9), (1, 10), (1, 11), (1, 12), (1, 13), (1, 14), (1, 15), (1, 16), (1, 17), (1, 18), (1, 19), (1, 20), (1, 21), (1, 22), (1, 23), (1, 24), (1, 25), (1, 26), (1, 27), (1, 28), (1, 29), (2, 0), (2, 1), (2, 2), (2, 3), (2, 4), (2, 5), (2, 6), (2, 7), (2, 8), (2, 9), (2, 10), (2, 11), (2, 12), (2, 13), (2, 14), (2, 15), (2, 16), (2, 17), (2, 18), (2, 19), (2, 20), (2, 21), (2, 22), (2, 23), (2, 24), (2, 25), (2, 26), (2, 27), (2, 28), (2, 29), (3, 0), (3, 1), (3, 2), (3, 3), (3, 4), (3, 5), (3, 6), (3, 7), (3, 8), (3, 9), (3, 10), (3, 11), (3, 12), (3, 13), (3, 14), (3, 15), (3, 16), (3, 17), (3, 18), (3, 19), (3, 20), (3, 21), (3, 22), (3, 23), (3, 24), (3, 25), (3, 26), (3, 27), (3, 28), (3, 29), (4, 0), (4, 1), (4, 2), (4, 3), (4, 4), (4, 5), (4, 6), (4, 7), (4, 8), (4, 9), (4, 10), (4, 11), (4, 12), (4, 13), (4, 14), (4, 15), (4, 16), (4, 17), (4, 18), (4, 19), (4, 20), (4, 21), (4, 22), (4, 23), (4, 24), (4, 25), (4, 26), (4, 27), (4, 28), (4, 29), (5, 0), (5, 1), (5, 2), (5, 3), (5, 4), (5, 5), (5, 6), (5, 7), (5, 8), (5, 9), (5, 10), (5, 11), (5, 12), (5, 13), (5, 14), (5, 15), (5, 16), (5, 17), (5, 18), (5, 19), (5, 20), (5, 21), (5, 22), (5, 23), (5, 24), (5, 25), (5, 26), (5, 27), (5, 28), (5, 29), (6, 0), (6, 1), (6, 2), (6, 3), (6, 4), (6, 5), (6, 6), (6, 7), (6, 8), (6, 9), (6, 10), (6, 11), (6, 12), (6, 13), (6, 14), (6, 15), (6, 16), (6, 17), (6, 18), (6, 19), (6, 20), (6, 21), (6, 22), (6, 23), (6, 24), (6, 25), (6, 26), (6, 27), (6, 28), (6, 29), (7, 0), (7, 1), (7, 2), (7, 3), (7, 4), (7, 5), (7, 6), (7, 7), (7, 8), (7, 9), (7, 10), (7, 11), (7, 12), (7, 13), (7, 14), (7, 15), (7, 16), (7, 17), (7, 18), (7, 19), (7, 20), (7, 21), (7, 22), (7, 23), (7, 24), (7, 25), (7, 26), (7, 27), (7, 28), (7, 29), (8, 0), (8, 1), (8, 2), (8, 3), (8, 4), (8, 5), (8, 6), (8, 7), (8, 8), (8, 9), (8, 10), (8, 11), (8, 12), (8, 13), (8, 14), (8, 15), (8, 16), (8, 17), (8, 18), (8, 19), (8, 20), (8, 21), (8, 22), (8, 23), (8, 24), (8, 25), (8, 26), (8, 27), (8, 28), (8, 29), (9, 0), (9, 1), (9, 2), (9, 3), (9, 4), (9, 5), (9, 6), (9, 7), (9, 8), (9, 9), (9, 10), (9, 11), (9, 12), (9, 13), (9, 14), (9, 15), (9, 16), (9, 17), (9, 18), (9, 19), (9, 20), (9, 21), (9, 22), (9, 23), (9, 24), (9, 25), (9, 26), (9, 27), (9, 28), (9, 29), (10, 0), (10, 1), (10, 2), (10, 3), (10, 4), (10, 5), (10, 6), (10, 7), (10, 8), (10, 9), (10, 10), (10, 11), (10, 12), (10, 13), (10, 14), (10, 15), (10, 16), (10, 17), (10, 18), (10, 19), (10, 20), (10, 21), (10, 22), (10, 23), (10, 24), (10, 25), (10, 26), (10, 27), (10, 28), (10, 29), (11, 0), (11, 1), (11, 2), (11, 3), (11, 4), (11, 5), (11, 6), (11, 7), (11, 8), (11, 9), (11, 10), (11, 11), (11, 12), (11, 13), (11, 14), (11, 15), (11, 16), (11, 17), (11, 18), (11, 19), (11, 20), (11, 21), (11, 22), (11, 23), (11, 24), (11, 25), (11, 26), (11, 27), (11, 28), (11, 29), (12, 0), (12, 1), (12, 2), (12, 3), (12, 4), (12, 5), (12, 6), (12, 7), (12, 8), (12, 9), (12, 10), (12, 11), (12, 12), (12, 13), (12, 14), (12, 15), (12, 16), (12, 17), (12, 18), (12, 19), (12, 20), (12, 21), (12, 22), (12, 23), (12, 24), (12, 25), (12, 26), (12, 27), (12, 28), (12, 29), (13, 0), (13, 1), (13, 2), (13, 3), (13, 4), (13, 5), (13, 6), (13, 7), (13, 8), (13, 9), (13, 10), (13, 11), (13, 12), (13, 13), (13, 14), (13, 15), (13, 16), (13, 17), (13, 18), (13, 19), (13, 20), (13, 21), (13, 22), (13, 23), (13, 24), (13, 25), (13, 26), (13, 27), (13, 28), (13, 29), (14, 0), (14, 1), (14, 2), (14, 3), (14, 4), (14, 5), (14, 6), (14, 7), (14, 8), (14, 9), (14, 10), (14, 11), (14, 12), (14, 13), (14, 14), (14, 15), (14, 16), (14, 17), (14, 18), (14, 19), (14, 20), (14, 21), (14, 22), (14, 23), (14, 24), (14, 25), (14, 26), (14, 27), (14, 28), (14, 29), (15, 0), (15, 1), (15, 2), (15, 3), (15, 4), (15, 5), (15, 6), (15, 7), (15, 8), (15, 9), (15, 10), (15, 11), (15, 12), (15, 13), (15, 14), (15, 15), (15, 16), (15, 17), (15, 18), (15, 19), (15, 20), (15, 21), (15, 22), (15, 23), (15, 24), (15, 25), (15, 26), (15, 27), (15, 28), (15, 29), (16, 0), (16, 1), (16, 2), (16, 3), (16, 4), (16, 5), (16, 6), (16, 7), (16, 8), (16, 9), (16, 10), (16, 11), (16, 12), (16, 13), (16, 14), (16, 15), (16, 16), (16, 17), (16, 18), (16, 19), (16, 20), (16, 21), (16, 22), (16, 23), (16, 24), (16, 25), (16, 26), (16, 27), (16, 28), (16, 29), (17, 0), (17, 1), (17, 2), (17, 3), (17, 4), (17, 5), (17, 6), (17, 7), (17, 8), (17, 9), (17, 10), (17, 11), (17, 12), (17, 13), (17, 14), (17, 15), (17, 16), (17, 17), (17, 18), (17, 19), (17, 20), (17, 21), (17, 22), (17, 23), (17, 24), (17, 25), (17, 26), (17, 27), (17, 28), (17, 29), (18, 0), (18, 1), (18, 2), (18, 3), (18, 4), (18, 5), (18, 6), (18, 7), (18, 8), (18, 9), (18, 10), (18, 11), (18, 12), (18, 13), (18, 14), (18, 15), (18, 16), (18, 17), (18, 18), (18, 19), (18, 20), (18, 21), (18, 22), (18, 23), (18, 24), (18, 25), (18, 26), (18, 27), (18, 28), (18, 29), (19, 0), (19, 1), (19, 2), (19, 3), (19, 4), (19, 5), (19, 6), (19, 7), (19, 8), (19, 9), (19, 10), (19, 11), (19, 12), (19, 13), (19, 14), (19, 15), (19, 16), (19, 17), (19, 18), (19, 19), (19, 20), (19, 21), (19, 22), (19, 23), (19, 24), (19, 25), (19, 26), (19, 27), (19, 28), (19, 29), (20, 0), (20, 1), (20, 2), (20, 3), (20, 4), (20, 5), (20, 6), (20, 7), (20, 8), (20, 9), (20, 10), (20, 11), (20, 12), (20, 13), (20, 14), (20, 15), (20, 16), (20, 17), (20, 18), (20, 19), (20, 20), (20, 21), (20, 22), (20, 23), (20, 24), (20, 25), (20, 26), (20, 27), (20, 28), (20, 29), (21, 0), (21, 1), (21, 2), (21, 3), (21, 4), (21, 5), (21, 6), (21, 7), (21, 8), (21, 9), (21, 10), (21, 11), (21, 12), (21, 13), (21, 14), (21, 15), (21, 16), (21, 17), (21, 18), (21, 19), (21, 20), (21, 21), (21, 22), (21, 23), (21, 24), (21, 25), (21, 26), (21, 27), (21, 28), (21, 29), (22, 0), (22, 1), (22, 2), (22, 3), (22, 4), (22, 5), (22, 6), (22, 7), (22, 8), (22, 9), (22, 10), (22, 11), (22, 12), (22, 13), (22, 14), (22, 15), (22, 16), (22, 17), (22, 18), (22, 19), (22, 20), (22, 21), (22, 22), (22, 23), (22, 24), (22, 25), (22, 26), (22, 27), (22, 28), (22, 29), (23, 0), (23, 1), (23, 2), (23, 3), (23, 4), (23, 5), (23, 6), (23, 7), (23, 8), (23, 9), (23, 10), (23, 11), (23, 12), (23, 13), (23, 14), (23, 15), (23, 16), (23, 17), (23, 18), (23, 19), (23, 20), (23, 21), (23, 22), (23, 23), (23, 24), (23, 25), (23, 26), (23, 27), (23, 28), (23, 29), (24, 0), (24, 1), (24, 2), (24, 3), (24, 4), (24, 5), (24, 6), (24, 7), (24, 8), (24, 9), (24, 10), (24, 11), (24, 12), (24, 13), (24, 14), (24, 15), (24, 16), (24, 17), (24, 18), (24, 19), (24, 20), (24, 21), (24, 22), (24, 23), (24, 24), (24, 25), (24, 26), (24, 27), (24, 28), (24, 29), (25, 0), (25, 1), (25, 2), (25, 3), (25, 4), (25, 5), (25, 6), (25, 7), (25, 8), (25, 9), (25, 10), (25, 11), (25, 12), (25, 13), (25, 14), (25, 15), (25, 16), (25, 17), (25, 18), (25, 19), (25, 20), (25, 21), (25, 22), (25, 23), (25, 24), (25, 25), (25, 26), (25, 27), (25, 28), (25, 29), (26, 0), (26, 1), (26, 2), (26, 3), (26, 4), (26, 5), (26, 6), (26, 7), (26, 8), (26, 9), (26, 10), (26, 11), (26, 12), (26, 13), (26, 14), (26, 15), (26, 16), (26, 17), (26, 18), (26, 19), (26, 20), (26, 21), (26, 22), (26, 23), (26, 24), (26, 25), (26, 26), (26, 27), (26, 28), (26, 29), (27, 0), (27, 1), (27, 2), (27, 3), (27, 4), (27, 5), (27, 6), (27, 7), (27, 8), (27, 9), (27, 10), (27, 11), (27, 12), (27, 13), (27, 14), (27, 15), (27, 16), (27, 17), (27, 18), (27, 19), (27, 20), (27, 21), (27, 22), (27, 23), (27, 24), (27, 25), (27, 26), (27, 27), (27, 28), (27, 29), (28, 0), (28, 1), (28, 2), (28, 3), (28, 4), (28, 5), (28, 6), (28, 7), (28, 8), (28, 9), (28, 10), (28, 11), (28, 12), (28, 13), (28, 14), (28, 15), (28, 16), (28, 17), (28, 18), (28, 19), (28, 20), (28, 21), (28, 22), (28, 23), (28, 24), (28, 25), (28, 26), (28, 27), (28, 28), (28, 29), (29, 0), (29, 1), (29, 2), (29, 3), (29, 4), (29, 5), (29, 6), (29, 7), (29, 8), (29, 9), (29, 10), (29, 11), (29, 12), (29, 13), (29, 14), (29, 15), (29, 16), (29, 17), (29, 18), (29, 19), (29, 20), (29, 21), (29, 22), (29, 23), (29, 24), (29, 25), (29, 26), (29, 27), (29, 28), (29, 29)]
[Population data] 
Average population per node = 10000.0 
Total population = 9000000.0

choice bool = 0 - uniform population (homogeneous network) 

[Initial configuration]
Node population 0: [ 9999  9981 10101 10000  9961  9957  9964 10048  9874 10088 10328  9911
 10045 10156  9998  9921  9964  9991 10059  9839 10143 10036  9960  9895
 10029 10097  9884  9893 10106 10089 10061 10058 10001 10067  9956 10118
 10164  9874 10036  9957 10190 10076  9921  9957  9999  9986 10147  9953
 10024  9977 10152 10008  9942  9927  9898 10098  9960  9813 10208 10016
 10190 10155 10016  9885 10086 10050  9912  9960  9925 10009  9967  9910
  9912  9820  9872 10165 10053  9833 10041  9833  9912 10032 10036 10103
  9994  9927  9948  9979  9820  9997  9941 10047 10088  9986  9893  9996
  9927  9924  9957 10164  9723 10055  9847  9887 10004  9879 10052 10083
  9831  9956 10051 10029  9924 10069  9957 10002 10228 10012  9950  9923
 10159 10020 10103  9951  9923 10043 10032 10059  9819 10008  9840 10055
 10012 10043 10014  9982 10149  9905  9928 10000  9907  9913 10053  9944
 10000 10046 10143  9947  9982  9940  9974 10135 10059  9933  9942 10045
  9926 10022  9846 10085 10047 10101  9900 10055  9907 10275  9973  9917
  9928 10079  9985  9982 10007 10006 10023 10076  9937  9811  9948  9960
 10106 10024 10154 10149 10103  9945  9875 10206  9913 10049 10065 10055
 10095  9937  9960 10270 10017  9882 10018 10082 10081 10038  9943  9952
 10134  9884 10004  9862  9964  9888  9908 10012  9805  9959 10036  9937
  9906 10015  9999 10126  9949 10012  9975  9983 10129 10065 10082 10131
 10197  9975 10021  9921  9973  9888 10010  9875 10074 10000 10095  9975
  9925  9852  9716 10028  9845  9875  9944  9928  9836 10040 10026 10245
 10059 10044 10133  9985  9902  9964  9947  9941  9998  9977  9991 10207
  9755  9946  9920 10015 10016 10123  9968  9964  9813 10004  9983 10054
 10047 10074 10103 10088 10059  9858  9956  9888  9925 10103  9926 10077
 10056 10076  9947 10012 10069  9932  9765 10026 10003  9971 10247  9935
 10026  9975  9965 10128  9927 10137 10004  9958  9934  9887 10070  9935
  9961  9979 10146 10078  9892  9971 10127 10046 10072  9862 10052 10014
  9963  9889 10054 10065  9996 10022  9995  9984  9991  9998 10207  9897
 10192 10059 10030 10014 10129 10083 10187 10070  9998 10129  9922  9984
  9971  9897  9987  9988  9997 10005  9967 10140 10127 10165 10068 10153
 10155 10048 10077 10091  9891 10081  9854 10082 10202  9904  9865 10059
 10006  9893  9881 10029 10143 10100  9976 10024 10159 10036  9979 10138
  9990 10148  9970 10000 10010  9857 10043 10023 10069  9954  9984  9941
  9844  9999  9953  9840  9988 10078 10110  9893 10085  9965 10202 10026
 10037 10015  9942  9793  9953 10076  9907  9981 10042  9960  9878  9895
  9926  9972 10220 10114 10134 10056 10093 10162 10205  9924 10102  9982
 10004 10184 10081  9949  9958  9954  9983  9898  9792 10037  9830  9931
  9700 10078  9807 10011 10080 10053  9950  9928  9920 10226 10028 10079
  9998 10045  9928  9930 10094  9969  9814  9951 10138 10052  9999  9933
 10193  9895 10013 10022  9975 10148 10036 10051 10039  9913  9954 10080
  9927  9970 10002 10130 10132 10033  9884  9880 10180  9942 10020 10063
 10050  9957 10041  9896  9937 10097 10069  9900 10069 10149 10151  9949
 10008  9986 10143 10072 10002 10086  9897 10177  9911  9971 10175 10077
 10124  9909 10119  9908 10039  9922 10034 10046  9944  9862 10107 10040
  9946  9933  9873 10073  9996  9999  9941  9887 10104 10147  9962 10149
 10044  9996  9902  9915 10147  9888  9868 10035 10119 10006 10027 10124
  9778 10004 10079 10081  9937 10152  9963  9959 10042  9950 10157 10017
 10196  9976 10024  9833  9934  9990  9989  9929 10036  9937  9980 10053
 10103 10118  9941  9794  9987  9999  9927  9882 10140 10145 10061 10074
 10015 10018 10006  9956  9937 10089 10083  9875 10090 10040 10189  9988
  9932 10016  9993 10026 10120 10182  9946 10014  9858  9943  9902  9972
 10081 10065 10104 10033  9901 10132 10038  9904 10026  9992  9880 10025
  9993 10073  9778  9963 10007  9960  9874  9988 10172 10039  9964  9927
 10177 10004  9946  9946  9863 10050 10134  9938  9931  9847  9831  9978
  9905 10022  9827 10067  9957  9971 10062  9847  9902  9933  9894 10235
 10013  9931 10027  9863 10027  9913 10081  9841 10149 10001  9968  9980
  9892 10003  9965  9991  9829 10190 10085 10027 10003 10006  9906 10093
 10058 10049 10245  9966 10067 10075 10088  9937 10046  9977 10031 10045
  9942  9922 10118  9943  9723 10054  9973 10065  9726  9901  9996  9879
 10038 10017 10076  9937  9970 10060  9983  9768 10046  9955 10219 10213
 10016  9904  9922 10044  9943 10023 10109  9774 10196 10101  9990 10001
 10099  9972 10140  9956  9834 10011  9929  9932  9923 10059  9939 10053
 10118 10178 10064 10094 10069  9656  9871  9951  9941  9939 10164 10084
  9898  9922  9946 10073  9773  9964  9945  9986  9916  9967  9975  9958
 10015  9910 10023 10122 10009 10056  9971  9840 10016 10155 10107  9991
  9856  9922  9999  9919 10074  9917  9965 10064  9985  9985  9912  9878
  9982 10033 10002 10159  9952 10113  9935  9929  9846  9828 10154  9981
  9802  9958 10024  9891  9993 10022 10033  9774 10044 10090  9870  9934
  9856  9935  9851 10110 10091  9909  9838  9820  9999 10066 10000 10130
  9979 10080  9951  9977 10107  9980 10084 10088  9752  9935  9935 10045
  9965 10041  9993 10158  9768 10091 10122  9954 10088 10225  9887  9956
  9810 10097 10058  9984 10044 10019 10020 10068  9957 10048 10067 10029
  9852  9937  9886 10091  9904 10073 10079 10033 10056  9927  9948 10190
  9951 10143  9859  9999  9903  9826 10193 10087 10026 10152 10005 10044
 10014  9879  9948 10179  9938  9959  9755  9960 10015 10008 10156  9887]

[Connectivity]
Strong connection = True
a = 0.2
b = 0.9672161004820059

[PF convergence]
rho0 = [[0.001111   0.001109   0.00112233 0.00111111 0.00110678 0.00110633
  0.00110711 0.00111644 0.00109711 0.00112089 0.00114756 0.00110122
  0.00111611 0.00112844 0.00111089 0.00110233 0.00110711 0.00111011
  0.00111767 0.00109322 0.001127   0.00111511 0.00110667 0.00109944
  0.00111433 0.00112189 0.00109822 0.00109922 0.00112289 0.001121
  0.00111789 0.00111756 0.00111122 0.00111856 0.00110622 0.00112422
  0.00112933 0.00109711 0.00111511 0.00110633 0.00113222 0.00111956
  0.00110233 0.00110633 0.001111   0.00110956 0.00112744 0.00110589
  0.00111378 0.00110856 0.001128   0.001112   0.00110467 0.001103
  0.00109978 0.001122   0.00110667 0.00109033 0.00113422 0.00111289
  0.00113222 0.00112833 0.00111289 0.00109833 0.00112067 0.00111667
  0.00110133 0.00110667 0.00110278 0.00111211 0.00110744 0.00110111
  0.00110133 0.00109111 0.00109689 0.00112944 0.001117   0.00109256
  0.00111567 0.00109256 0.00110133 0.00111467 0.00111511 0.00112256
  0.00111044 0.001103   0.00110533 0.00110878 0.00109111 0.00111078
  0.00110456 0.00111633 0.00112089 0.00110956 0.00109922 0.00111067
  0.001103   0.00110267 0.00110633 0.00112933 0.00108033 0.00111722
  0.00109411 0.00109856 0.00111156 0.00109767 0.00111689 0.00112033
  0.00109233 0.00110622 0.00111678 0.00111433 0.00110267 0.00111878
  0.00110633 0.00111133 0.00113644 0.00111244 0.00110556 0.00110256
  0.00112878 0.00111333 0.00112256 0.00110567 0.00110256 0.00111589
  0.00111467 0.00111767 0.001091   0.001112   0.00109333 0.00111722
  0.00111244 0.00111589 0.00111267 0.00110911 0.00112767 0.00110056
  0.00110311 0.00111111 0.00110078 0.00110144 0.001117   0.00110489
  0.00111111 0.00111622 0.001127   0.00110522 0.00110911 0.00110444
  0.00110822 0.00112611 0.00111767 0.00110367 0.00110467 0.00111611
  0.00110289 0.00111356 0.001094   0.00112056 0.00111633 0.00112233
  0.0011     0.00111722 0.00110078 0.00114167 0.00110811 0.00110189
  0.00110311 0.00111989 0.00110944 0.00110911 0.00111189 0.00111178
  0.00111367 0.00111956 0.00110411 0.00109011 0.00110533 0.00110667
  0.00112289 0.00111378 0.00112822 0.00112767 0.00112256 0.001105
  0.00109722 0.001134   0.00110144 0.00111656 0.00111833 0.00111722
  0.00112167 0.00110411 0.00110667 0.00114111 0.001113   0.001098
  0.00111311 0.00112022 0.00112011 0.00111533 0.00110478 0.00110578
  0.001126   0.00109822 0.00111156 0.00109578 0.00110711 0.00109867
  0.00110089 0.00111244 0.00108944 0.00110656 0.00111511 0.00110411
  0.00110067 0.00111278 0.001111   0.00112511 0.00110544 0.00111244
  0.00110833 0.00110922 0.00112544 0.00111833 0.00112022 0.00112567
  0.001133   0.00110833 0.00111344 0.00110233 0.00110811 0.00109867
  0.00111222 0.00109722 0.00111933 0.00111111 0.00112167 0.00110833
  0.00110278 0.00109467 0.00107956 0.00111422 0.00109389 0.00109722
  0.00110489 0.00110311 0.00109289 0.00111556 0.001114   0.00113833
  0.00111767 0.001116   0.00112589 0.00110944 0.00110022 0.00110711
  0.00110522 0.00110456 0.00111089 0.00110856 0.00111011 0.00113411
  0.00108389 0.00110511 0.00110222 0.00111278 0.00111289 0.00112478
  0.00110756 0.00110711 0.00109033 0.00111156 0.00110922 0.00111711
  0.00111633 0.00111933 0.00112256 0.00112089 0.00111767 0.00109533
  0.00110622 0.00109867 0.00110278 0.00112256 0.00110289 0.00111967
  0.00111733 0.00111956 0.00110522 0.00111244 0.00111878 0.00110356
  0.001085   0.001114   0.00111144 0.00110789 0.00113856 0.00110389
  0.001114   0.00110833 0.00110722 0.00112533 0.001103   0.00112633
  0.00111156 0.00110644 0.00110378 0.00109856 0.00111889 0.00110389
  0.00110678 0.00110878 0.00112733 0.00111978 0.00109911 0.00110789
  0.00112522 0.00111622 0.00111911 0.00109578 0.00111689 0.00111267
  0.001107   0.00109878 0.00111711 0.00111833 0.00111067 0.00111356
  0.00111056 0.00110933 0.00111011 0.00111089 0.00113411 0.00109967
  0.00113244 0.00111767 0.00111444 0.00111267 0.00112544 0.00112033
  0.00113189 0.00111889 0.00111089 0.00112544 0.00110244 0.00110933
  0.00110789 0.00109967 0.00110967 0.00110978 0.00111078 0.00111167
  0.00110744 0.00112667 0.00112522 0.00112944 0.00111867 0.00112811
  0.00112833 0.00111644 0.00111967 0.00112122 0.001099   0.00112011
  0.00109489 0.00112022 0.00113356 0.00110044 0.00109611 0.00111767
  0.00111178 0.00109922 0.00109789 0.00111433 0.001127   0.00112222
  0.00110844 0.00111378 0.00112878 0.00111511 0.00110878 0.00112644
  0.00111    0.00112756 0.00110778 0.00111111 0.00111222 0.00109522
  0.00111589 0.00111367 0.00111878 0.001106   0.00110933 0.00110456
  0.00109378 0.001111   0.00110589 0.00109333 0.00110978 0.00111978
  0.00112333 0.00109922 0.00112056 0.00110722 0.00113356 0.001114
  0.00111522 0.00111278 0.00110467 0.00108811 0.00110589 0.00111956
  0.00110078 0.001109   0.00111578 0.00110667 0.00109756 0.00109944
  0.00110289 0.001108   0.00113556 0.00112378 0.001126   0.00111733
  0.00112144 0.00112911 0.00113389 0.00110267 0.00112244 0.00110911
  0.00111156 0.00113156 0.00112011 0.00110544 0.00110644 0.001106
  0.00110922 0.00109978 0.001088   0.00111522 0.00109222 0.00110344
  0.00107778 0.00111978 0.00108967 0.00111233 0.00112    0.001117
  0.00110556 0.00110311 0.00110222 0.00113622 0.00111422 0.00111989
  0.00111089 0.00111611 0.00110311 0.00110333 0.00112156 0.00110767
  0.00109044 0.00110567 0.00112644 0.00111689 0.001111   0.00110367
  0.00113256 0.00109944 0.00111256 0.00111356 0.00110833 0.00112756
  0.00111511 0.00111678 0.00111544 0.00110144 0.001106   0.00112
  0.001103   0.00110778 0.00111133 0.00112556 0.00112578 0.00111478
  0.00109822 0.00109778 0.00113111 0.00110467 0.00111333 0.00111811
  0.00111667 0.00110633 0.00111567 0.00109956 0.00110411 0.00112189
  0.00111878 0.0011     0.00111878 0.00112767 0.00112789 0.00110544
  0.001112   0.00110956 0.001127   0.00111911 0.00111133 0.00112067
  0.00109967 0.00113078 0.00110122 0.00110789 0.00113056 0.00111967
  0.00112489 0.001101   0.00112433 0.00110089 0.00111544 0.00110244
  0.00111489 0.00111622 0.00110489 0.00109578 0.001123   0.00111556
  0.00110511 0.00110367 0.001097   0.00111922 0.00111067 0.001111
  0.00110456 0.00109856 0.00112267 0.00112744 0.00110689 0.00112767
  0.001116   0.00111067 0.00110022 0.00110167 0.00112744 0.00109867
  0.00109644 0.001115   0.00112433 0.00111178 0.00111411 0.00112489
  0.00108644 0.00111156 0.00111989 0.00112011 0.00110411 0.001128
  0.001107   0.00110656 0.00111578 0.00110556 0.00112856 0.001113
  0.00113289 0.00110844 0.00111378 0.00109256 0.00110378 0.00111
  0.00110989 0.00110322 0.00111511 0.00110411 0.00110889 0.001117
  0.00112256 0.00112422 0.00110456 0.00108822 0.00110967 0.001111
  0.001103   0.001098   0.00112667 0.00112722 0.00111789 0.00111933
  0.00111278 0.00111311 0.00111178 0.00110622 0.00110411 0.001121
  0.00112033 0.00109722 0.00112111 0.00111556 0.00113211 0.00110978
  0.00110356 0.00111289 0.00111033 0.001114   0.00112444 0.00113133
  0.00110511 0.00111267 0.00109533 0.00110478 0.00110022 0.001108
  0.00112011 0.00111833 0.00112267 0.00111478 0.00110011 0.00112578
  0.00111533 0.00110044 0.001114   0.00111022 0.00109778 0.00111389
  0.00111033 0.00111922 0.00108644 0.001107   0.00111189 0.00110667
  0.00109711 0.00110978 0.00113022 0.00111544 0.00110711 0.001103
  0.00113078 0.00111156 0.00110511 0.00110511 0.00109589 0.00111667
  0.001126   0.00110422 0.00110344 0.00109411 0.00109233 0.00110867
  0.00110056 0.00111356 0.00109189 0.00111856 0.00110633 0.00110789
  0.001118   0.00109411 0.00110022 0.00110367 0.00109933 0.00113722
  0.00111256 0.00110344 0.00111411 0.00109589 0.00111411 0.00110144
  0.00112011 0.00109344 0.00112767 0.00111122 0.00110756 0.00110889
  0.00109911 0.00111144 0.00110722 0.00111011 0.00109211 0.00113222
  0.00112056 0.00111411 0.00111144 0.00111178 0.00110067 0.00112144
  0.00111756 0.00111656 0.00113833 0.00110733 0.00111856 0.00111944
  0.00112089 0.00110411 0.00111622 0.00110856 0.00111456 0.00111611
  0.00110467 0.00110244 0.00112422 0.00110478 0.00108033 0.00111711
  0.00110811 0.00111833 0.00108067 0.00110011 0.00111067 0.00109767
  0.00111533 0.001113   0.00111956 0.00110411 0.00110778 0.00111778
  0.00110922 0.00108533 0.00111622 0.00110611 0.00113544 0.00113478
  0.00111289 0.00110044 0.00110244 0.001116   0.00110478 0.00111367
  0.00112322 0.001086   0.00113289 0.00112233 0.00111    0.00111122
  0.00112211 0.001108   0.00112667 0.00110622 0.00109267 0.00111233
  0.00110322 0.00110356 0.00110256 0.00111767 0.00110433 0.001117
  0.00112422 0.00113089 0.00111822 0.00112156 0.00111878 0.00107289
  0.00109678 0.00110567 0.00110456 0.00110433 0.00112933 0.00112044
  0.00109978 0.00110244 0.00110511 0.00111922 0.00108589 0.00110711
  0.001105   0.00110956 0.00110178 0.00110744 0.00110833 0.00110644
  0.00111278 0.00110111 0.00111367 0.00112467 0.00111211 0.00111733
  0.00110789 0.00109333 0.00111289 0.00112833 0.001123   0.00111011
  0.00109511 0.00110244 0.001111   0.00110211 0.00111933 0.00110189
  0.00110722 0.00111822 0.00110944 0.00110944 0.00110133 0.00109756
  0.00110911 0.00111478 0.00111133 0.00112878 0.00110578 0.00112367
  0.00110389 0.00110322 0.001094   0.001092   0.00112822 0.001109
  0.00108911 0.00110644 0.00111378 0.001099   0.00111033 0.00111356
  0.00111478 0.001086   0.001116   0.00112111 0.00109667 0.00110378
  0.00109511 0.00110389 0.00109456 0.00112333 0.00112122 0.001101
  0.00109311 0.00109111 0.001111   0.00111844 0.00111111 0.00112556
  0.00110878 0.00112    0.00110567 0.00110856 0.001123   0.00110889
  0.00112044 0.00112089 0.00108356 0.00110389 0.00110389 0.00111611
  0.00110722 0.00111567 0.00111033 0.00112867 0.00108533 0.00112122
  0.00112467 0.001106   0.00112089 0.00113611 0.00109856 0.00110622
  0.00109    0.00112189 0.00111756 0.00110933 0.001116   0.00111322
  0.00111333 0.00111867 0.00110633 0.00111644 0.00111856 0.00111433
  0.00109467 0.00110411 0.00109844 0.00112122 0.00110044 0.00111922
  0.00111989 0.00111478 0.00111733 0.001103   0.00110533 0.00113222
  0.00110567 0.001127   0.00109544 0.001111   0.00110033 0.00109178
  0.00113256 0.00112078 0.001114   0.001128   0.00111167 0.001116
  0.00111267 0.00109767 0.00110533 0.001131   0.00110422 0.00110656
  0.00108389 0.00110667 0.00111278 0.001112   0.00112844 0.00109856]]
k_list = [   1    5   10   20   50  100  200  500 1000]
diff_list = [1.86707714e+01 6.91054038e+00 3.16688029e+00 1.09028683e+00
 1.80619591e-01 2.51180900e-02 6.22499718e-04 4.90535811e-05
 4.90535795e-05]

[Input degrees]
in_degrees = [16, 16, 10, 11, 10, 13, 16, 9, 17, 13, 16, 14, 19, 13, 14, 17, 13, 13, 17, 10, 14, 17, 16, 18, 10, 13, 12, 13, 15, 10, 15, 20, 16, 19, 23, 11, 10, 14, 25, 13, 17, 10, 18, 12, 11, 17, 16, 19, 20, 17, 11, 13, 9, 24, 16, 18, 14, 16, 11, 12, 14, 16, 21, 10, 21, 8, 15, 9, 20, 10, 20, 16, 17, 16, 13, 13, 25, 25, 23, 14, 20, 16, 14, 13, 22, 19, 10, 17, 14, 18, 15, 10, 13, 14, 10, 19, 18, 13, 14, 21, 15, 15, 22, 11, 19, 22, 19, 23, 13, 11, 13, 20, 13, 15, 19, 21, 12, 15, 14, 16, 15, 15, 16, 11, 16, 20, 10, 21, 14, 22, 19, 14, 15, 18, 18, 23, 15, 23, 18, 14, 13, 20, 11, 19, 18, 20, 16, 15, 21, 15, 16, 15, 25, 18, 20, 14, 19, 22, 22, 26, 21, 17, 26, 18, 22, 14, 21, 14, 23, 20, 11, 21, 12, 17, 20, 12, 22, 17, 17, 13, 10, 12, 18, 20, 15, 18, 11, 23, 11, 21, 25, 16, 15, 16, 14, 26, 24, 21, 20, 16, 20, 21, 16, 19, 17, 16, 14, 17, 16, 14, 13, 5, 17, 16, 16, 14, 21, 11, 15, 15, 23, 16, 16, 24, 20, 16, 24, 23, 19, 16, 22, 13, 14, 19, 19, 25, 15, 19, 17, 18, 15, 11, 15, 22, 10, 17, 15, 21, 20, 17, 16, 21, 15, 22, 17, 22, 21, 11, 20, 20, 19, 18, 19, 18, 14, 19, 13, 14, 11, 12, 14, 11, 24, 16, 12, 14, 25, 26, 22, 14, 25, 23, 18, 23, 16, 19, 20, 26, 21, 15, 19, 13, 17, 15, 18, 18, 17, 10, 17, 12, 13, 16, 18, 13, 19, 16, 17, 24, 21, 19, 21, 13, 23, 21, 24, 17, 17, 19, 22, 19, 20, 15, 14, 21, 18, 16, 18, 13, 16, 15, 17, 9, 11, 18, 14, 16, 23, 13, 26, 18, 15, 12, 24, 22, 27, 16, 23, 16, 13, 17, 17, 22, 25, 24, 17, 25, 22, 13, 17, 15, 17, 15, 10, 18, 16, 27, 15, 12, 18, 22, 22, 18, 22, 16, 18, 21, 19, 20, 13, 18, 29, 11, 20, 20, 19, 18, 17, 16, 16, 18, 16, 11, 19, 20, 20, 12, 21, 19, 18, 21, 18, 15, 20, 17, 20, 17, 25, 15, 13, 19, 18, 20, 19, 20, 22, 26, 9, 23, 15, 12, 11, 17, 12, 17, 27, 19, 17, 19, 18, 28, 23, 20, 25, 24, 20, 22, 19, 23, 23, 20, 13, 12, 21, 14, 17, 17, 19, 13, 18, 11, 15, 18, 19, 14, 19, 18, 19, 22, 24, 15, 27, 30, 17, 22, 20, 24, 23, 16, 21, 17, 18, 18, 18, 20, 24, 19, 22, 18, 14, 17, 19, 16, 14, 22, 18, 12, 19, 21, 15, 21, 23, 20, 17, 27, 29, 21, 21, 32, 24, 18, 18, 16, 15, 27, 21, 22, 18, 25, 14, 19, 13, 19, 17, 14, 21, 19, 20, 18, 18, 22, 30, 21, 20, 25, 18, 19, 33, 16, 16, 22, 22, 26, 26, 24, 22, 18, 16, 17, 11, 13, 13, 20, 20, 20, 16, 17, 19, 26, 19, 29, 25, 20, 26, 22, 20, 30, 17, 18, 18, 14, 23, 20, 24, 15, 19, 12, 17, 20, 14, 15, 16, 14, 17, 15, 18, 21, 28, 16, 17, 27, 21, 21, 17, 26, 11, 16, 23, 21, 9, 15, 18, 12, 10, 17, 22, 16, 12, 10, 23, 11, 15, 13, 26, 16, 25, 20, 22, 18, 23, 28, 21, 20, 19, 28, 20, 13, 27, 24, 23, 21, 14, 21, 17, 17, 30, 15, 12, 17, 15, 9, 13, 22, 17, 15, 26, 11, 15, 24, 15, 18, 25, 21, 25, 19, 23, 21, 22, 12, 19, 19, 16, 22, 21, 15, 23, 21, 11, 21, 13, 16, 15, 15, 17, 14, 20, 17, 23, 14, 24, 10, 15, 16, 18, 21, 15, 21, 23, 17, 13, 15, 16, 21, 24, 18, 17, 16, 18, 20, 19, 24, 9, 18, 20, 18, 17, 22, 19, 21, 27, 13, 20, 16, 18, 17, 23, 15, 15, 11, 17, 15, 22, 16, 18, 20, 18, 20, 12, 14, 15, 16, 15, 13, 7, 21, 15, 16, 13, 22, 15, 20, 31, 24, 13, 22, 23, 21, 15, 18, 18, 16, 22, 16, 19, 25, 22, 19, 13, 17, 16, 16, 18, 24, 16, 18, 17, 19, 25, 16, 15, 18, 19, 18, 18, 17, 18, 16, 24, 13, 17, 23, 19, 22, 14, 12, 21, 20, 11, 12, 10, 9, 11, 22, 22, 18, 23, 17, 20, 17, 19, 16, 19, 18, 11, 27, 13, 19, 10, 23, 20, 27, 16, 17, 13, 20, 12, 21, 18, 18, 8, 13, 17, 7, 14, 10, 15, 14, 20, 18, 14, 21, 21, 22, 12, 18, 18, 19, 19, 22, 15, 17, 14, 20, 22, 18, 12, 20, 12, 15, 15, 13, 15, 14, 9, 15, 14, 17, 21, 20, 13, 21, 13, 12, 17, 6, 18, 17, 19, 14, 17, 16, 19, 13, 11, 13, 11, 17, 17, 20, 13, 11, 12, 11, 9, 12, 19, 15, 12, 22, 9, 17, 20, 14, 14, 15, 11, 15, 10, 17, 20, 18, 14, 16, 15, 11, 18, 16, 14, 10, 8, 10]