Seeds that generate strongly connected and aperiodic networks. Result of code find_seede_SC_network.py
ATTENTION : For those seeds it could be that self loop are negative. Need to control

c = a/density_max
Pmax = T.sum(axis=1).max()
c1 = b / Pmax
############################################# PARAMETERS ###############################################################
Population uniformly distributed between all nodes : choice_bool = 0
avg_popPerNode = 1e3
a = 0.2
b = 0.9
########################################################################################################################
N = 2x2 = 4

seeds = [0, 2, 6, 8, 14, 16, 19, 24, 27, 29, 39, 40, 49, 50, 55, 58, 59, 64, 65, 70, 73, 75, 77, 85, 86, 90, 92, 93, 95,
 97, 101, 103, 106, 113, 115, 117, 122, 123, 126, 129, 131, 132, 133, 139, 143, 145, 148, 150, 151, 153, 155, 157, 161,
 162, 163, 166, 167, 168, 169, 172, 177, 179, 180, 181, 184, 193, 197, 198, 200, 203, 204, 206, 207, 211, 215, 217, 219,
  220, 226, 227, 229, 230, 234, 236, 239, 247, 249, 251, 254, 258, 259, 260, 263, 265, 267, 269, 270, 272, 274, 277,
  281, 283, 286, 287, 288, 291, 293, 294, 296, 299, 301, 305, 307, 311, 317, 321, 322, 325, 329, 333, 335, 336, 337,
  341, 342, 343, 350, 355, 356, 361, 366, 367, 370, 376, 380, 391, 393, 397, 400, 402, 406, 412, 415, 416, 417, 418,
  420, 426, 430, 431, 436, 439, 441, 442, 446, 447, 450, 453, 456, 457, 458, 461, 468, 470, 474, 477, 479, 481, 482,
  484, 486, 490, 493, 495, 498, 500, 501, 504, 505, 512, 513, 519, 525, 528, 531, 532, 533, 536, 539, 542, 544, 545,
  546, 547, 549, 551, 556, 559, 561, 563, 564, 566, 568, 569, 570, 574, 575, 582, 588, 596, 597, 599, 600, 605, 607,
  609, 610, 613, 617, 618, 621, 638, 643, 650, 652, 653, 654, 655, 658, 659, 660, 661, 663, 673, 675, 676, 678, 679,
  688, 689, 690, 692, 694, 695, 696, 697, 698, 700, 703, 704, 705, 707, 708, 709, 710, 711, 713, 716, 718, 720, 725,
  731, 739, 742, 744, 746, 747, 748, 749, 751, 756, 757, 764, 765, 771, 773, 776, 778, 779, 782, 785, 786, 789, 795,
  796, 797, 798, 804, 807, 808, 809, 812, 813, 816, 821, 822, 823, 826, 831, 832, 833, 834, 835, 838, 842, 844, 852,
   853, 854, 863, 869, 872, 874, 875, 878, 881, 882, 885, 886, 891, 904, 911, 913, 916, 917, 918, 921, 922, 925, 927,
    931, 934, 935, 939, 943, 946, 947, 950, 951, 953, 955, 963, 968, 973, 976, 980, 984, 986, 990, 992, 994, 996]

------------------------------------------------------------------------------------------------------------------------
N = 3x3 = 9

seeds = [21, 66, 82, 84, 155, 156, 174, 192, 248, 260, 281, 289, 371, 401, 427, 478, 479, 499, 560, 565, 647, 677, 725,
 737, 785, 788, 790, 847, 859, 888, 902, 912, 919, 954, 978, 994, 996]

------------------------------------------------------------------------------------------------------------------------
N = 4x4 = 16

seeds = [26, 34, 46, 48, 156, 163, 169, 175, 181, 193, 270, 281, 289, 368, 452, 453, 468, 488, 502, 527, 549, 561, 564,
573, 574, 590, 697, 740, 749, 755, 785, 832, 885, 902, 946, 958, 968, 974, 990]

------------------------------------------------------------------------------------------------------------------------
N = 5x5 = 25

seeds =[0, 1, 15, 23, 24, 29, 46, 76, 110, 112, 144, 151, 152, 169, 171, 191, 199, 200, 218, 257, 270, 271, 277, 281, 308,
 312, 319, 363, 370, 378, 381, 428, 447, 453, 464, 482, 511, 540, 556, 580, 588, 639, 708, 723, 749, 755, 771, 777, 780,
  789, 798, 801, 827, 828, 839, 885, 900, 907, 918, 946, 966]

------------------------------------------------------------------------------------------------------------------------
N = 6x6 = 36 (not controlled periodicity -> otherwise stops)

seeds = [7, 10, 19, 27, 46, 50, 51, 54, 58, 64, 84, 124, 141, 144, 146, 153, 154, 156, 166, 178, 181, 186, 190, 192, 199,
203, 206, 210, 224, 225, 227, 246, 254, 275, 281, 297, 308, 316, 320, 326, 340, 365, 374, 377, 404, 407, 412, 452, 455,
459, 479, 484, 488, 491, 493, 498, 506, 546, 547, 552, 570, 574, 577, 599, 609, 631, 634, 645, 664, 676, 694, 708, 717,
749, 752, 755, 756, 772, 777, 784, 790, 794, 807, 813, 819, 823, 836, 846, 882, 889, 891, 895, 897, 922, 929, 933, 950,
 958, 963, 966, 968, 985, 990, 995, 997]

------------------------------------------------------------------------------------------------------------------------
N = 7x7 = 49 (not controlled periodicity -> otherwise stops)

seeds = [20, 21, 25, 29, 30, 34, 36, 46, 54, 60, 64, 65, 66, 71, 74, 76, 80, 95, 99, 106, 107, 111, 124, 126, 133, 154,
 155, 173, 176, 186, 197, 199, 209, 216, 219, 225, 244, 248, 257, 259, 264, 270, 273, 277, 281, 285, 287, 288, 289, 290,
 292, 306, 312, 316, 317, 331, 332, 334, 339, 341, 346, 363, 364, 366, 369, 379, 380, 383, 390, 391, 397, 414, 418, 423,
 425, 436, 438, 447, 459, 464, 465, 466, 471, 478, 480, 484, 491, 493, 509, 518, 521, 524, 543, 547, 558, 562, 565, 566,
 577, 578, 581, 587, 591, 597, 600, 609, 613, 617, 626, 627, 631, 633, 634, 639, 648, 650, 666, 671, 677, 678, 688, 694,
 706, 707, 719, 727, 744, 755, 760, 761, 766, 778, 784, 788, 790, 791, 798, 800, 801, 802, 814, 821, 824, 836, 837, 846,
 861, 869, 881, 883, 898, 903, 908, 918, 920, 922, 923, 937, 941, 947, 951, 956, 963, 966, 980, 982, 984, 988]

------------------------------------------------------------------------------------------------------------------------
N = 8x8 = 64 (not controlled periodicity -> otherwise stops)

seeds = [0, 10, 18, 21, 22, 23, 26, 28, 32, 34, 35, 61, 64, 69, 71, 75, 79, 82, 95, 105, 108, 123, 124, 127, 130, 132,
 133, 136, 142, 144, 145, 148, 153, 158, 159, 160, 163, 166, 178, 181, 187, 202, 203, 205, 208, 217, 218, 222, 226, 237,
 249, 254, 259, 261, 265, 272, 281, 286, 288, 298, 307, 310, 311, 316, 318, 320, 321, 323, 338, 342, 344, 348, 350, 360,
 367, 369, 371, 373, 376, 384, 385, 388, 404, 406, 419, 429, 430, 436, 441, 447, 453, 455, 459, 465, 470, 474, 477, 483,
 491, 496, 499, 500, 508, 516, 518, 522, 527, 531, 534, 537, 540, 552, 558, 564, 573, 576, 577, 578, 579, 583, 588, 595,
 598, 607, 608, 609, 611, 615, 617, 618, 619, 620, 622, 623, 624, 626, 627, 630, 636, 644, 645, 657, 658, 659, 661, 662,
 667, 671, 675, 678, 679, 680, 683, 685, 686, 691, 700, 704, 712, 717, 721, 724, 728, 729, 741, 742, 750, 755, 761, 762,
 763, 764, 767, 768, 777, 781, 783, 784, 789, 796, 799, 801, 806, 808, 815, 816, 818, 819, 821, 829, 841, 843, 850, 854,
 860, 862, 867, 869, 874, 875, 877, 878, 880, 881, 886, 898, 905, 910, 923, 931, 933, 935, 936, 938, 941, 946, 947, 948,
 953, 957, 958, 960, 963, 967, 972, 974, 976, 980, 983, 991, 993, 994, 998]

------------------------------------------------------------------------------------------------------------------------
N = 9x9 = 81 (not controlled periodicity -> otherwise stops)

seeds = [5, 6, 7, 18, 20, 23, 24, 27, 28, 31, 32, 33, 38, 39, 42, 45, 50, 51, 52, 56, 58, 59, 63, 69, 77, 82, 86, 88, 93,
95, 100, 101, 103, 105, 109, 115, 117, 121, 122, 123, 125, 126, 127, 129, 133, 138, 141, 146, 148, 151, 152, 153, 156,
157, 158, 160, 161, 164, 166, 168, 170, 172, 177, 179, 183, 185, 186, 188, 189, 193, 195, 196, 199, 202, 203, 204, 208,
215, 217, 222, 223, 230, 237, 238, 239, 242, 244, 248, 250, 251, 252, 254, 258, 259, 260, 261, 262, 274, 276, 277, 281,
284, 285, 287, 288, 289, 290, 291, 292, 293, 299, 302, 306, 307, 308, 310, 311, 312, 318, 320, 321, 322, 327, 328, 329,
330, 336, 341, 343, 344, 345, 349, 352, 355, 356, 357, 361, 365, 367, 371, 373, 375, 378, 379, 385, 386, 387, 389, 391,
392, 393, 394, 397, 400, 401, 404, 412, 416, 420, 430, 433, 435, 439, 440, 442, 443, 446, 447, 448, 453, 454, 455, 456,
459, 460, 461, 462, 466, 469, 471, 473, 480, 486, 489, 490, 495, 496, 498, 500, 504, 505, 507, 508, 510, 511, 513, 519,
521, 523, 526, 528, 529, 534, 536, 538, 540, 552, 553, 555, 556, 557, 558, 559, 562, 568, 569, 571, 577, 578, 581, 585,
587, 588, 590, 591, 592, 595, 598, 607, 608, 609, 611, 615, 617, 620, 622, 623, 625, 626, 627, 629, 631, 633, 635, 639,
640, 642, 645, 647, 648, 653, 658, 660, 661, 666, 671, 675, 676, 677, 678, 681, 682, 684, 685, 691, 692, 693, 694, 697,
699, 703, 704, 706, 707, 709, 711, 716, 722, 727, 729, 731, 741, 742, 743, 745, 746, 749, 753, 758, 760, 761, 764, 772,
775, 780, 786, 788, 789, 790, 792, 793, 797, 800, 802, 806, 808, 811, 816, 819, 822, 823, 831, 839, 840, 843, 845, 849,
850, 851, 861, 862, 864, 866, 867, 869, 872, 874, 876, 878, 879, 887, 890, 891, 896, 899, 902, 903, 906, 907, 909, 910,
918, 919, 923, 924, 925, 927, 929, 931, 933, 935, 939, 942, 943, 945, 946, 948, 949, 950, 951, 952, 955, 959, 961, 967,
969, 970, 973, 983, 985, 990, 999]

------------------------------------------------------------------------------------------------------------------------
N = 10x10 = 100 (not controlled periodicity -> otherwise stops)
seeds = [1, 6, 7, 8, 10, 17, 19, 20, 22, 28, 30, 31, 33, 36, 39, 41, 42, 43, 45, 47, 48, 53, 56, 57, 62, 65, 68, 74, 75,
76, 78, 79, 82, 84, 86, 87, 88, 90, 93, 94, 95, 96, 97, 104, 107, 111, 114, 116, 123, 124, 126, 127, 128, 130, 131, 135,
139, 142, 143, 145, 149, 151, 152, 153, 155, 161, 164, 166, 169, 170, 171, 172, 173, 178, 180, 183, 184, 186, 187, 188,
189, 191, 195, 197, 201, 206, 210, 214, 215, 216, 217, 218, 223, 226, 227, 229, 233, 236, 237, 242, 244, 245, 249, 254,
255, 257, 258, 259, 261, 263, 264, 267, 268, 269, 270, 271, 272, 276, 278, 280, 281, 283, 286, 292, 293, 294, 295, 297,
299, 301, 302, 304, 309, 310, 312, 315, 318, 319, 322, 323, 324, 325, 330, 331, 332, 333, 334, 339, 341, 342, 346, 348,
351, 352, 355, 362, 363, 364, 367, 371, 373, 374, 376, 377, 378, 379, 380, 381, 382, 383, 384, 385, 390, 400, 402, 404,
405, 408, 410, 413, 415, 416, 417, 418, 419, 422, 424, 426, 428, 429, 430, 432, 433, 436, 438, 440, 441, 445, 453, 455,
456, 460, 464, 465, 466, 467, 469, 470, 475, 477, 480, 482, 483, 490, 491, 493, 496, 498, 500, 501, 503, 504, 506, 507,
512, 516, 518, 519, 523, 525, 526, 529, 530, 532, 535, 536, 537, 538, 539, 543, 546, 547, 550, 552, 554, 556, 560, 561,
563, 566, 570, 572, 573, 576, 580, 583, 586, 587, 588, 589, 592, 594, 597, 598, 599, 600, 602, 609, 610, 611, 614, 615,
618, 621, 622, 623, 625, 626, 627, 628, 632, 635, 636, 638, 641, 642, 643, 644, 645, 647, 648, 650, 655, 661, 663, 664,
667, 670, 673, 677, 681, 682, 683, 684, 685, 686, 689, 690, 694, 695, 696, 706, 709, 712, 715, 716, 719, 722, 723, 725,
727, 728, 729, 730, 735, 738, 739, 740, 741, 743, 744, 745, 746, 749, 751, 753, 755, 756, 757, 762, 764, 765, 767, 769,
772, 773, 776, 777, 781, 783, 784, 786, 787, 789, 790, 791, 792, 793, 794, 798, 799, 800, 803, 806, 808, 809, 810, 815,
816, 819, 821, 822, 827, 830, 831, 833, 834, 836, 839, 840, 845, 846, 847, 848, 849, 851, 852, 854, 855, 857, 860, 861,
863, 865, 866, 868, 870, 873, 874, 880, 882, 884, 885, 886, 888, 889, 890, 891, 892, 895, 896, 898, 900, 903, 905, 910,
911, 912, 917, 921, 924, 925, 926, 928, 929, 933, 938, 940, 942, 944, 946, 947, 948, 953, 955, 956, 959, 960, 961, 962,
969, 970, 972, 974, 976, 977, 980, 983, 985, 987, 988, 989, 990, 991, 992, 993, 994, 995, 996, 999]