 ---------------------------------------------

              TOPOLOGY FILE - v1      

      Author : Teresa Dalle Nogare
      Date :2023-11-16

 ---------------------------------------------

[Nodes] 
N_row = 10, N_col = 10, N = N_row x N_col = 100 
Position of nodes = [(0, 0), (0, 1), (0, 2), (0, 3), (0, 4), (0, 5), (0, 6), (0, 7), (0, 8), (0, 9), (1, 0), (1, 1), (1, 2), (1, 3), (1, 4), (1, 5), (1, 6), (1, 7), (1, 8), (1, 9), (2, 0), (2, 1), (2, 2), (2, 3), (2, 4), (2, 5), (2, 6), (2, 7), (2, 8), (2, 9), (3, 0), (3, 1), (3, 2), (3, 3), (3, 4), (3, 5), (3, 6), (3, 7), (3, 8), (3, 9), (4, 0), (4, 1), (4, 2), (4, 3), (4, 4), (4, 5), (4, 6), (4, 7), (4, 8), (4, 9), (5, 0), (5, 1), (5, 2), (5, 3), (5, 4), (5, 5), (5, 6), (5, 7), (5, 8), (5, 9), (6, 0), (6, 1), (6, 2), (6, 3), (6, 4), (6, 5), (6, 6), (6, 7), (6, 8), (6, 9), (7, 0), (7, 1), (7, 2), (7, 3), (7, 4), (7, 5), (7, 6), (7, 7), (7, 8), (7, 9), (8, 0), (8, 1), (8, 2), (8, 3), (8, 4), (8, 5), (8, 6), (8, 7), (8, 8), (8, 9), (9, 0), (9, 1), (9, 2), (9, 3), (9, 4), (9, 5), (9, 6), (9, 7), (9, 8), (9, 9)]
[Population data] 
Average population per node = 10000.0 
Total population = 1000000.0

choice bool = 0 - uniform population (homogeneous network) 

[Initial configuration]
Node population 0: [10037 10017 10026 10012  9761  9986 10029 10110  9906  9978 10162 10112
  9971  9909 10119 10160 10190 10006 10050  9948  9957  9892 10045 10039
  9924 10233 10017  9808 10051 10073  9996 10065  9892  9840  9965  9998
  9999 10008  9944 10064  9878  9839 10133 10120 10053 10114 10138 10042
 10055  9982  9937  9769 10132  9955  9996  9839 10008 10204  9965 10060
 10135 10048 10161  9949  9928 10158  9964 10008 10096  9844  9933  9952
 10027  9881 10105 10084  9942 10022  9798 10013  9990  9921  9913  9930
 10023  9829 10208 10207 10065  9801 10118  9856  9884 10142  9749  9834
  9984 10125 10002  9853]

[Connectivity]
Strong connection = True
a = 0.2
b = 0.9048374180359595

[PF convergence]
rho0 = [0.010037 0.010017 0.010026 0.010012 0.009761 0.009986 0.010029 0.01011
 0.009906 0.009978 0.010162 0.010112 0.009971 0.009909 0.010119 0.01016
 0.01019  0.010006 0.01005  0.009948 0.009957 0.009892 0.010045 0.010039
 0.009924 0.010233 0.010017 0.009808 0.010051 0.010073 0.009996 0.010065
 0.009892 0.00984  0.009965 0.009998 0.009999 0.010008 0.009944 0.010064
 0.009878 0.009839 0.010133 0.01012  0.010053 0.010114 0.010138 0.010042
 0.010055 0.009982 0.009937 0.009769 0.010132 0.009955 0.009996 0.009839
 0.010008 0.010204 0.009965 0.01006  0.010135 0.010048 0.010161 0.009949
 0.009928 0.010158 0.009964 0.010008 0.010096 0.009844 0.009933 0.009952
 0.010027 0.009881 0.010105 0.010084 0.009942 0.010022 0.009798 0.010013
 0.00999  0.009921 0.009913 0.00993  0.010023 0.009829 0.010208 0.010207
 0.010065 0.009801 0.010118 0.009856 0.009884 0.010142 0.009749 0.009834
 0.009984 0.010125 0.010002 0.009853]
k_list = [   1    5   10   20   50  100  200  500 1000]
diff_list = [7.49896355 4.5041291  3.29955226 2.47615744 2.06645859 2.00707795
 2.00030488 2.00018284 2.00018284]

[Input degrees]
in_degrees = [5, 8, 6, 6, 7, 6, 6, 8, 6, 2, 7, 9, 6, 9, 8, 4, 4, 6, 6, 6, 2, 9, 5, 8, 4, 8, 6, 8, 2, 8, 3, 5, 10, 3, 5, 4, 4, 7, 9, 6, 3, 2, 8, 8, 12, 8, 5, 14, 8, 5, 6, 3, 6, 8, 6, 4, 8, 6, 10, 5, 4, 5, 10, 7, 7, 6, 4, 8, 6, 4, 5, 3, 11, 9, 9, 9, 8, 7, 4, 7, 8, 10, 7, 4, 11, 3, 7, 4, 3, 12, 5, 6, 5, 5, 4, 5, 7, 4, 5, 6]