 ---------------------------------------------

              TOPOLOGY FILE - v1      

      Author : Teresa Dalle Nogare
      Date :2023-11-16

 ---------------------------------------------

[Nodes] 
N_row = 10, N_col = 10, N = N_row x N_col = 100 
Position of nodes = [(0, 0), (0, 1), (0, 2), (0, 3), (0, 4), (0, 5), (0, 6), (0, 7), (0, 8), (0, 9), (1, 0), (1, 1), (1, 2), (1, 3), (1, 4), (1, 5), (1, 6), (1, 7), (1, 8), (1, 9), (2, 0), (2, 1), (2, 2), (2, 3), (2, 4), (2, 5), (2, 6), (2, 7), (2, 8), (2, 9), (3, 0), (3, 1), (3, 2), (3, 3), (3, 4), (3, 5), (3, 6), (3, 7), (3, 8), (3, 9), (4, 0), (4, 1), (4, 2), (4, 3), (4, 4), (4, 5), (4, 6), (4, 7), (4, 8), (4, 9), (5, 0), (5, 1), (5, 2), (5, 3), (5, 4), (5, 5), (5, 6), (5, 7), (5, 8), (5, 9), (6, 0), (6, 1), (6, 2), (6, 3), (6, 4), (6, 5), (6, 6), (6, 7), (6, 8), (6, 9), (7, 0), (7, 1), (7, 2), (7, 3), (7, 4), (7, 5), (7, 6), (7, 7), (7, 8), (7, 9), (8, 0), (8, 1), (8, 2), (8, 3), (8, 4), (8, 5), (8, 6), (8, 7), (8, 8), (8, 9), (9, 0), (9, 1), (9, 2), (9, 3), (9, 4), (9, 5), (9, 6), (9, 7), (9, 8), (9, 9)]
[Population data] 
Average population per node = 10000.0 
Total population = 1000000.0

choice bool = 0 - uniform population (homogeneous network) 

[Initial configuration]
Node population 0: [10082  9930 10217  9947  9900  9976  9970 10104  9775  9909  9956  9923
  9935 10019 10151  9966  9920 10050  9924  9965  9942 10028  9842  9894
  9961 10079  9928  9937 10000 10072  9960 10236  9858  9902 10030 10055
  9902 10036 10152 10109 10087 10111  9895  9856  9719  9977 10046 10080
  9983  9984  9963  9868 10034 10137  9799 10002 10124  9822 10085 10158
  9897 10134  9967 10101 10159 10057  9984 10049  9924  9916 10100  9855
 10123 10026  9868 10080 10072 10098 10012 10035  9848 10030 10145 10023
 10000 10164 10043  9951 10004 10155 10291  9796  9987 10132  9941 10075
 10023  9900  9851  9912]

[Connectivity]
Strong connection = True
a = 0.2
b = 0.45241870901797976

[PF convergence]
rho0 = [0.010082 0.00993  0.010217 0.009947 0.0099   0.009976 0.00997  0.010104
 0.009775 0.009909 0.009956 0.009923 0.009935 0.010019 0.010151 0.009966
 0.00992  0.01005  0.009924 0.009965 0.009942 0.010028 0.009842 0.009894
 0.009961 0.010079 0.009928 0.009937 0.01     0.010072 0.00996  0.010236
 0.009858 0.009902 0.01003  0.010055 0.009902 0.010036 0.010152 0.010109
 0.010087 0.010111 0.009895 0.009856 0.009719 0.009977 0.010046 0.01008
 0.009983 0.009984 0.009963 0.009868 0.010034 0.010137 0.009799 0.010002
 0.010124 0.009822 0.010085 0.010158 0.009897 0.010134 0.009967 0.010101
 0.010159 0.010057 0.009984 0.010049 0.009924 0.009916 0.0101   0.009855
 0.010123 0.010026 0.009868 0.01008  0.010072 0.010098 0.010012 0.010035
 0.009848 0.01003  0.010145 0.010023 0.01     0.010164 0.010043 0.009951
 0.010004 0.010155 0.010291 0.009796 0.009987 0.010132 0.009941 0.010075
 0.010023 0.0099   0.009851 0.009912]
k_list = [   1    5   10   20   50  100  200  500 1000]
diff_list = [8.59697625 5.77791304 4.38822298 3.22261752 2.3794702  2.16203234
 2.05468547 2.00363845 2.00021947]

[Input degrees]
in_degrees = [5, 7, 6, 7, 9, 6, 5, 7, 4, 4, 4, 5, 6, 10, 9, 5, 6, 4, 9, 6, 6, 7, 8, 4, 6, 6, 4, 6, 5, 6, 12, 5, 7, 5, 6, 5, 6, 12, 8, 6, 4, 3, 7, 5, 8, 7, 9, 4, 5, 12, 6, 3, 5, 13, 9, 4, 6, 5, 7, 8, 7, 4, 13, 6, 7, 4, 10, 4, 7, 4, 8, 7, 7, 5, 8, 9, 6, 5, 3, 2, 6, 5, 7, 7, 5, 4, 3, 3, 9, 3, 5, 2, 5, 7, 8, 3, 8, 6, 5, 7]